NAME: sphere_rand_ol_10x10
COMMENT: type = sphere, neigh_ang = 0.174532925199, neigh_size = 10
COMMENT: sphere_limit = 1.0471975512, rect_limit = [-1.0471975512, 0.785398163397, -0.785398163397, 1.57079632679]
TYPE: GTSP
DIMENSION: 100
GTSP_SETS: 10
EDGE_WEIGHT_TYPE: EXPLICIT
EDGE_WEIGHT_FORMAT: FULL_MATRIX
EDGE_WEIGHT_SECTION:
62831 1073 2044 2819 3318 3490 3318 2819 2044 1073 4824 3797 3286 3701 4701 5738 6486 6774 6544 5842 11543 11937 12855 13925 14749 15031 14667 13789 12716 11848 6475 6333 5710 4737 3677 3023 3298 4254 5310 6110 8546 8867 8623 7875 6830 5842 5380 5735 6679 7741 10352 9284 8504 8380 8978 10000 11023 11691 11791 11292 14476 14975 15937 16997 17757 17917 17410 16442 15384 14633 16288 16730 17654 18724 19536 19752 19277 18318 17258 16488 10287 10165 10741 11749 12784 13472 13578 13066 12110 11047 8949 9969 10636 10750 10276 9355 8283 7475 7328 7924 
1073 62831 1073 2044 2819 3318 3490 3318 2819 2044 5881 4840 4240 4491 5406 6474 7310 7696 7542 6884 11660 11935 12784 13857 14752 15143 14888 14080 13012 12081 6849 6528 5754 4706 3727 3369 3926 4964 5971 6650 8331 8510 8131 7290 6221 5312 5044 5595 6618 7640 11421 10352 9558 9397 9949 10950 11989 12695 12832 12355 13445 13921 14873 15936 16712 16904 16436 15491 14426 13640 15844 16191 17061 18134 19010 19334 18965 18064 16991 16148 11105 10893 11381 12350 13406 14164 14354 13911 12990 11919 8003 9000 9625 9701 9207 8282 7210 6414 6308 6958 
2044 1073 62831 1073 2044 2819 3318 3490 3318 2819 6682 5615 4871 4897 5676 6747 7679 8201 8184 7632 11178 11346 12130 13196 14139 14620 14467 13735 12685 11702 7790 7378 6522 5452 4559 4351 4980 6028 7022 7661 8853 8895 8382 7451 6381 5596 5535 6236 7295 8267 12249 11176 10324 10062 10514 11469 12530 13310 13539 13140 12432 12947 13922 14976 15718 15873 15381 14427 13364 12594 14914 15211 16055 17127 18028 18403 18097 17237 16163 15279 11412 11079 11451 12359 13431 14266 14569 14230 13371 12298 7598 8534 9050 9011 8425 7452 6394 5693 5750 6528 
2819 2044 1073 62831 1073 2044 2819 3318 3490 3318 7033 5961 5076 4861 5464 6503 7508 8166 8305 7894 10248 10358 11110 12171 13132 13653 13557 12875 11843 10831 8853 8452 7591 6519 5633 5397 5965 6990 8010 8692 9846 9825 9244 8268 7211 6508 6537 7281 8345 9301 12559 11490 10568 10179 10507 11396 12469 13326 13669 13380 11831 12435 13450 14480 15146 15207 14639 13651 12602 11897 13845 14159 15018 16092 16977 17335 17023 16166 15092 14205 11114 10668 10929 11775 12849 13744 14146 13912 13126 12063 7953 8805 9190 9006 8300 7269 6257 5723 5986 6882 
3318 2819 2044 1073 62831 1073 2044 2819 3318 3490 6859 5816 4825 4386 4806 5790 6837 7597 7877 7610 9178 9309 10085 11151 12096 12595 12485 11802 10771 9758 9659 9342 8532 7467 6530 6170 6603 7572 8627 9397 10890 10892 10317 9340 8285 7577 7574 8278 9333 10312 12250 11199 10219 9717 9929 10753 11825 12738 13176 12993 11901 12602 13649 14640 15212 15157 14496 13468 12451 11842 13040 13431 14340 15412 16245 16526 16146 15252 14179 13329 10302 9784 9977 10788 11859 12781 13235 13068 12337 11289 8875 9675 9974 9688 8897 7837 6884 6483 6867 7813 
3490 3318 2819 2044 1073 62831 1073 2044 2819 3318 6198 5206 4157 3544 3824 4768 5828 6638 7004 6846 8382 8619 9469 10543 11434 11848 11656 10916 9868 8883 9966 9776 9057 8019 7017 6497 6755 7637 8709 9573 11615 11706 11199 10255 9188 8415 8302 8910 9936 10955 11423 10391 9379 8806 8952 9741 10810 11745 12231 12111 12610 13374 14436 15393 15891 15744 15007 13954 12976 12455 12820 13319 14285 15343 16099 16269 15788 14839 13775 12998 9236 8710 8912 9738 10811 11721 12163 11996 11274 10230 9943 10749 11041 10734 9919 8853 7922 7551 7940 8879 
3318 3490 3318 2819 2044 1073 62831 1073 2044 2819 5198 4246 3178 2484 2767 3746 4792 5574 5931 5798 8237 8621 9552 10619 11432 11728 11415 10591 9522 8601 9688 9634 9027 8039 6989 6316 6391 7169 8238 9175 11789 12000 11602 10719 9646 8785 8527 9006 9981 11034 10353 9326 8309 7733 7896 8708 9780 10699 11165 11037 13659 14438 15502 16451 16927 16744 15974 14912 13956 13473 13280 13869 14874 15911 16593 16659 16083 15086 14043 13348 8303 7852 8152 9044 10116 10971 11335 11095 10326 9269 10768 11624 11981 11727 10942 9881 8928 8496 8805 9695 
2819 3318 3490 3318 2819 2044 1073 62831 1073 2044 4155 3180 2118 1571 2189 3257 4214 4849 5060 4817 8819 9313 10293 11344 12090 12286 11871 10976 9902 9056 8904 8955 8450 7522 6451 5660 5586 6277 7333 8310 11358 11683 11399 10596 9531 8592 8193 8542 9456 10526 9436 8389 7401 6911 7191 8080 9153 10010 10387 10176 14646 15390 16445 17418 17934 17785 17032 15973 15008 14499 14227 14857 15877 16902 17545 17552 16919 15898 14874 14234 7921 7614 8065 9032 10088 10857 11098 10740 9889 8818 11088 12011 12472 12323 11610 10569 9571 9029 9208 10017 
2044 2819 3318 3490 3318 2819 2044 1073 62831 1073 3565 2505 1587 1678 2656 3698 4493 4905 4873 4404 9836 10363 11352 12399 13125 13283 12821 11894 10824 10020 7845 7933 7480 6595 5521 4668 4528 5203 6259 7238 10457 10853 10655 9920 8875 7885 7383 7639 8510 9583 9069 8000 7083 6754 7201 8172 9226 9992 10240 9900 15210 15878 16910 17922 18525 18471 17783 16741 15742 15158 15292 15905 16916 17949 18609 18625 17991 16967 15946 15307 8292 8128 8697 9709 10740 11430 11561 11093 10171 9100 10808 11788 12355 12327 11711 10709 9669 9009 9043 9754 
1073 2044 2819 3318 3490 3318 2819 2044 1073 62831 3870 2812 2217 2661 3692 4706 5421 5702 5499 4849 10864 11350 12318 13375 14133 14326 13884 12964 11893 11077 6887 6910 6420 5523 4449 3618 3577 4361 5433 6357 9384 9784 9605 8897 7864 6855 6320 6565 7443 8516 9435 8362 7533 7352 7919 8935 9963 10652 10792 10342 15145 15720 16715 17759 18456 18522 17929 16921 15886 15209 16077 16621 17598 18652 19379 19475 18898 17894 16856 16166 9219 9122 9731 10754 11776 12436 12517 11994 11036 9973 10011 11024 11668 11739 11215 10260 9196 8440 8352 8980 
4824 5881 6682 7033 6859 6198 5198 4155 3565 3870 62831 1073 2044 2819 3318 3490 3318 2819 2044 1073 10757 11599 12672 13571 13979 13755 12976 11915 10960 10504 7472 8069 8139 7666 6766 5692 4861 4751 5440 6498 11238 11979 12170 11750 10854 9780 8936 8705 9205 10188 5567 4494 3679 3663 4458 5531 6449 6969 6978 6474 18760 19443 20474 21487 22067 21940 21167 20102 19155 18652 17288 18127 19199 20105 20470 20129 19237 18164 17311 16980 6440 6781 7707 8774 9596 9927 9675 8910 7856 6884 13632 14684 15422 15574 15083 14130 13067 12295 12134 12653 
3797 4840 5615 5961 5816 5206 4246 3180 2505 2812 1073 62831 1073 2044 2819 3318 3490 3318 2819 2044 10550 11309 12371 13328 13841 13732 13039 12003 10997 10426 7294 7750 7669 7071 6099 5040 4351 4482 5335 6409 10795 11450 11537 11029 10085 9018 8245 8136 8750 9778 6637 5563 4721 4599 5285 6343 7318 7917 7994 7530 17715 18380 19407 20425 21028 20944 20211 19154 18182 17640 16823 17593 18653 19612 20085 19861 19042 17971 17053 16618 7009 7193 8027 9101 10003 10449 10310 9625 8598 7580 12684 13725 14427 14541 14027 13066 12005 11250 11124 11685 
3286 4240 4871 5076 4825 4157 3178 2118 1587 2217 2044 1073 62831 1073 2044 2819 3318 3490 3318 2819 9809 10501 11549 12539 13125 13108 12495 11491 10452 9790 7865 8186 7954 7226 6189 5186 4700 5057 6011 7069 11057 11608 11570 10954 9954 8912 8252 8299 9029 10089 7485 6418 5495 5192 5708 6718 7750 8464 8669 8312 16721 17425 18466 19465 20025 19901 19150 18090 17127 16608 15877 16612 17663 18644 19168 19014 18248 17186 16230 15732 7071 7079 7799 8858 9828 10393 10387 9812 8836 7780 12228 13237 13859 13878 13287 12292 11247 10562 10541 11193 
3701 4491 4897 4861 4386 3544 2484 1571 1678 2661 2819 2044 1073 62831 1073 2044 2819 3318 3490 3318 8763 9435 10480 11476 12080 12098 11524 10543 9490 8784 8882 9145 8838 8041 6980 6031 5656 6090 7064 8116 11903 12383 12254 11559 10524 9516 8953 9107 9901 10971 7884 6847 5844 5341 5653 6578 7644 8469 8820 8607 16143 16919 17981 18935 19403 19184 18373 17303 16378 15937 14812 15560 16617 17587 18098 17941 17181 16120 15159 14658 6614 6464 7076 8109 9120 9775 9885 9419 8509 7436 12458 13421 13944 13846 13161 12127 11118 10538 10648 11398 
4701 5406 5676 5464 4806 3824 2767 2189 2656 3692 3318 2819 2044 1073 62831 1073 2044 2819 3318 3490 7776 8499 9558 10528 11087 11064 10467 9477 8428 7746 9909 10204 9911 9113 8051 7104 6713 7102 8047 9110 12977 13448 13297 12576 11531 10539 10006 10179 10975 12044 7740 6762 5705 5022 5129 5951 7025 7931 8410 8340 16191 17042 18115 19009 19364 19027 18143 17069 16208 15874 14027 14831 15900 16831 17271 17045 16243 15176 14242 13799 5737 5488 6042 7062 8086 8778 8950 8556 7700 6629 13275 14200 14648 14459 13700 12643 11676 11187 11395 12205 
5738 6474 6747 6503 5790 4768 3746 3257 3698 4706 3490 3318 2819 2044 1073 62831 1073 2044 2819 3318 7283 8109 9182 10090 10545 10414 9734 8710 7690 7111 10595 10983 10773 10029 8980 7996 7508 7777 8653 9727 13872 14397 14295 13603 12566 11561 10988 11101 11848 12908 7086 6178 5105 4288 4229 4973 6042 6988 7544 7580 16849 17751 18824 19663 19920 19481 18538 17473 16679 16442 13828 14704 15777 16647 16981 16649 15781 14707 13830 13490 4665 4430 5035 6076 7078 7734 7880 7484 6637 5568 14346 15264 15693 15472 14684 13620 12674 12221 12455 13275 
6486 7310 7679 7508 6837 5828 4792 4214 4493 5421 3318 3490 3318 2819 2044 1073 62831 1073 2044 2819 7551 8468 9537 10367 10701 10440 9660 8602 7642 7213 10732 11236 11148 10496 9481 8451 7835 7945 8723 9791 14273 14887 14885 14268 13259 12224 11567 11569 12229 13265 6085 5223 4153 3268 3156 3916 4988 5920 6472 6531 17875 18794 19865 20682 20892 20398 19426 18371 17619 17432 14296 15227 16295 17100 17331 16894 15965 14896 14089 13858 3802 3765 4542 5614 6542 7075 7096 6600 5697 4623 15266 16213 16686 16503 15734 14673 13716 13231 13419 14201 
6774 7696 8201 8166 7597 6638 5574 4849 4905 5702 2819 3318 3490 3318 2819 2044 1073 62831 1073 2044 8430 9388 10447 11228 11481 11130 10281 9209 8311 7996 10280 10887 10924 10379 9417 8355 7616 7569 8240 9286 14037 14741 14855 14336 13372 12312 11562 11438 11997 12996 5043 4157 3084 2245 2341 3268 4329 5160 5592 5551 18893 19790 20864 21708 21949 21470 20500 19444 18686 18479 15243 16199 17261 18029 18196 17693 16726 15668 14914 14751 3691 3962 4899 5961 6778 7149 6994 6344 5350 4303 15699 16690 17252 17163 16459 15414 14420 13856 13945 14652 
6544 7542 8184 8305 7877 7004 5931 5060 4873 5499 2044 2819 3318 3490 3318 2819 2044 1073 62831 1073 9503 10457 11518 12302 12548 12176 11307 10234 9357 9065 9372 10042 10167 9711 8805 7732 6904 6736 7327 8353 13248 14013 14215 13783 12869 11797 10973 10748 11226 12190 4435 3444 2392 1880 2466 3527 4501 5153 5369 5117 19507 20343 21413 22324 22674 22286 21355 20288 19475 19184 16307 17255 18320 19098 19269 18759 17785 16730 15985 15824 4423 4865 5855 6899 7649 7914 7632 6869 5821 4840 15481 16511 17167 17195 16582 15569 14538 13878 13850 14466 
5842 6884 7632 7894 7610 6846 5798 4817 4404 4849 1073 2044 2819 3318 3490 3318 2819 2044 1073 62831 10370 11283 12353 13185 13492 13169 12326 11254 10351 10001 8299 8971 9114 8692 7815 6742 5876 5669 6254 7283 12185 12964 13196 12804 11919 10845 9986 9717 10168 11124 4666 3600 2692 2591 3397 4471 5376 5902 5949 5510 19455 20206 21258 22235 22721 22474 21621 20547 19658 19251 17090 17997 19069 19903 20150 19698 18749 17685 16901 16675 5491 5933 6913 7963 8722 8980 8671 7874 6813 5863 14696 15745 16466 16585 16055 15081 14026 13289 13167 13710 
11543 11660 11178 10248 9178 8382 8237 8819 9836 10864 10757 10550 9809 8763 7776 7283 7551 8430 9503 10370 62831 1073 2044 2819 3318 3490 3318 2819 2044 1073 17626 17769 17249 16276 15221 14479 14337 14852 15820 16878 19990 20068 19470 18456 17426 16755 16684 17238 18219 19271 12196 11808 10931 9857 8990 8719 9183 10150 11206 11972 13418 14488 15314 15592 15219 14333 13259 12401 12106 12501 6865 7877 8908 9610 9780 9372 8499 7426 6555 6321 6821 5759 4817 4497 5025 6044 7068 7771 7974 7630 16950 17303 16986 16125 15052 14167 13813 14132 14995 16068 
11937 11935 11346 10358 9309 8619 8621 9313 10363 11350 11599 11309 10501 9435 8499 8109 8468 9388 10457 11283 1073 62831 1073 2044 2819 3318 3490 3318 2819 2044 18206 18248 17636 16622 15592 14931 14891 15488 16493 17530 20199 20151 19452 18405 17414 16838 16882 17530 18551 19574 13265 12861 11968 10894 10045 9791 10254 11216 12275 13045 12427 13493 14292 14542 14151 13260 12187 11335 11060 11488 5862 6853 7897 8641 8881 8555 7747 6684 5743 5395 7894 6832 5888 5531 5985 6969 8017 8770 9018 8699 16549 16801 16390 15477 14405 13578 13321 13740 14664 15734 
12855 12784 12130 11110 10085 9469 9552 10293 11352 12318 12672 12371 11549 10480 9558 9182 9537 10447 11518 12353 2044 1073 62831 1073 2044 2819 3318 3490 3318 2819 19197 19185 18523 17489 16480 15868 15879 16509 17525 18553 20946 20800 20025 18960 18012 17517 17647 18356 19398 20395 14195 13841 12974 11900 11022 10707 11101 12024 13093 13913 11880 12929 13660 13820 13354 12422 11353 10555 10373 10894 4821 5833 6863 7582 7808 7489 6701 5645 4684 4322 8788 7742 6754 6274 6581 7492 8561 9399 9755 9531 16791 16931 16415 15447 14389 13642 13500 14022 14998 16052 
13925 13857 13196 12171 11151 10543 10619 11344 12399 13375 13571 13328 12539 11476 10528 10090 10367 11228 12302 13185 2819 2044 1073 62831 1073 2044 2819 3318 3490 3318 20245 20253 19597 18562 17553 16935 16927 17533 18536 19575 21996 21814 21006 19935 19011 18550 18706 19426 20470 21463 14652 14396 13591 12524 11590 11169 11450 12306 13379 14268 12013 13029 13669 13712 13144 12160 11109 10401 10352 10984 4223 5285 6254 6860 6969 6558 5715 4647 3739 3544 9235 8229 7191 6561 6686 7491 8562 9484 9967 9876 17588 17645 17053 16047 15010 14331 14274 14863 15865 16904 
14749 14752 14139 13132 12096 11434 11432 12090 13125 14133 13979 13841 13125 12080 11087 10545 10701 11481 12548 13492 3318 2819 2044 1073 62831 1073 2044 2819 3318 3490 20940 21042 20454 19441 18410 17732 17642 18170 19134 20194 22977 22844 22059 20991 20053 19561 19669 20343 21369 22388 14473 14330 13607 12560 11571 11037 11195 11972 13038 13984 12766 13751 14316 14263 13609 12586 11564 10947 11006 11715 4477 5548 6412 6855 6783 6211 5263 4195 3465 3596 9115 8172 7104 6337 6279 6966 8019 9001 9597 9639 18653 18690 18070 17052 16026 15373 15338 15935 16939 17977 
15031 15143 14620 13653 12595 11848 11728 12286 13283 14326 13755 13732 13108 12098 11064 10414 10440 11130 12176 13169 3490 3318 2819 2044 1073 62831 1073 2044 2819 3318 20973 21208 20731 19766 18708 17945 17739 18161 19067 20140 23463 23465 22766 21713 20731 20149 20148 20727 21709 22762 13722 13666 13016 11996 10971 10350 10413 11130 12184 13163 13826 14803 15343 15250 14558 13519 12516 11942 12042 12772 5394 6450 7242 7569 7358 6655 5633 4611 4087 4434 8461 7585 6512 5645 5443 6039 7072 8084 8748 8885 19594 19683 19097 18090 17055 16372 16290 16838 17817 18870 
14667 14888 14467 13557 12485 11656 11415 11871 12821 13884 12976 13039 12495 11524 10467 9734 9660 10281 11307 12326 3318 3490 3318 2819 2044 1073 62831 1073 2044 2819 20330 20670 20301 19393 18322 17486 17180 17511 18364 19437 23203 23361 22788 21773 20744 20058 19931 20402 21325 22396 12666 12639 12022 11018 9979 9321 9353 10059 11111 12094 14789 15785 16361 16299 15622 14587 13579 12985 13050 13745 6461 7520 8315 8627 8378 7630 6585 5596 5139 5508 7452 6616 5548 4633 4378 4967 6005 7011 7677 7836 20029 20229 19733 18763 17707 16954 16772 17226 18155 19224 
13789 14080 13735 12875 11802 10916 10591 10976 11894 12964 11915 12003 11491 10543 9477 8710 8602 9209 10234 11254 2819 3318 3490 3318 2819 2044 1073 62831 1073 2044 19298 19677 19360 18487 17413 16541 16188 16482 17317 18388 22334 22590 22113 21141 20086 19329 19117 19518 20403 21477 11694 11622 10976 9963 8932 8306 8396 9155 10219 11172 15303 16331 16987 17015 16404 15392 14360 13698 13670 14287 7296 8367 9220 9599 9402 8682 7644 6642 6127 6401 6416 5555 4485 3600 3460 4184 5252 6202 6778 6855 19765 20086 19706 18794 17723 16891 16597 16946 17813 18887 
12716 13012 12685 11843 10771 9868 9522 9902 10824 11893 10960 10997 10452 9490 8428 7690 7642 8311 9357 10351 2044 2819 3318 3490 3318 2819 2044 1073 62831 1073 18285 18632 18295 17415 16342 15476 15142 15467 16326 17400 21261 21523 21068 20111 19050 18273 18046 18444 19334 20408 11197 11016 10291 9248 8253 7735 7964 8816 9890 10779 15179 16235 16978 17122 16608 15640 14582 13834 13689 14206 7680 8750 9678 10170 10084 9446 8440 7402 6769 6884 5806 4854 3786 3074 3264 4186 5250 6083 6490 6392 18922 19320 19027 18170 17096 16209 15834 16110 16934 18004 
11848 12081 11702 10831 9758 8883 8601 9056 10020 11077 10504 10426 9790 8784 7746 7111 7213 7996 9065 10001 1073 2044 2819 3318 3490 3318 2819 2044 1073 62831 17655 17914 17498 16577 15507 14688 14433 14843 15757 16828 20385 20578 20073 19096 18043 17298 17125 17583 18513 19582 11394 11089 10273 9206 8277 7903 8283 9215 10281 11094 14464 15532 16337 16576 16155 15237 14166 13345 13099 13532 7524 8572 9564 10174 10223 9699 8752 7685 6922 6856 5977 4942 3937 3492 3960 4972 6001 6728 6983 6714 17849 18257 17986 17149 16077 15172 14774 15038 15860 16931 
6475 6849 7790 8853 9659 9966 9688 8904 7845 6887 7472 7294 7865 8882 9909 10595 10732 10280 9372 8299 17626 18206 19197 20245 20940 20973 20330 19298 18285 17655 62831 1073 2044 2819 3318 3490 3318 2819 2044 1073 4166 5156 5817 6022 5731 4999 3974 2957 2537 3114 10355 9676 9674 10351 11395 12392 12991 12993 12395 11400 17989 17903 18432 19396 20456 21202 21301 20707 19691 18662 22693 22988 23772 24828 25790 26183 25752 24774 23724 22961 13756 14228 15177 16241 17021 17215 16747 15801 14736 13952 9475 10431 11492 12272 12513 12137 11266 10193 9319 9031 
6333 6528 7378 8452 9342 9776 9634 8955 7933 6910 8069 7750 8186 9145 10204 10983 11236 10887 10042 8971 17769 18248 19185 20253 21042 21208 20670 19677 18632 17914 1073 62831 1073 2044 2819 3318 3490 3318 2819 2044 3267 4193 4784 4950 4668 3977 2988 1934 1476 2193 11347 10624 10552 11163 12184 13208 13867 13931 13379 12401 16975 16856 17367 18325 19387 20146 20277 19721 18723 17681 22255 22422 23113 24137 25157 25714 25475 24592 23520 22657 14462 14850 15751 16823 17665 17947 17553 16644 15573 14739 8411 9361 10423 11214 11483 11146 10307 9237 8329 7995 
5710 5754 6522 7591 8532 9057 9027 8450 7480 6420 8139 7669 7954 8838 9911 10773 11148 10924 10167 9114 17249 17636 18523 19597 20454 20731 20301 19360 18295 17498 2044 1073 62831 1073 2044 2819 3318 3490 3318 2819 3125 3850 4215 4177 3739 2956 1932 925 1081 2135 11942 11143 10953 11461 12438 13491 14234 14405 13943 13011 15945 15865 16418 17401 18452 19170 19256 18672 17666 16630 21301 21411 22070 23084 24115 24721 24572 23755 22682 21769 14580 14858 15691 16762 17672 18065 17782 16938 15865 14966 7471 8454 9503 10250 10469 10099 9245 8173 7280 6991 
4737 4706 5452 6519 7467 8019 8039 7522 6595 5523 7666 7071 7226 8041 9113 10029 10496 10379 9711 8692 16276 16622 17489 18562 19441 19766 19393 18487 17415 16577 2819 2044 1073 62831 1073 2044 2819 3318 3490 3318 3867 4390 4504 4194 3501 2522 1461 1074 1943 3005 11951 11073 10759 11153 12075 13144 13965 14247 13892 13025 15282 15295 15932 16953 17977 18613 18599 17941 16908 15897 20240 20379 21071 22102 23114 23679 23502 22681 21609 20696 14068 14249 15021 16083 17038 17521 17339 16566 15503 14550 7087 8122 9131 9780 9883 9410 8496 7424 6608 6468 
3677 3727 4559 5633 6530 7017 6989 6451 5521 4449 6766 6099 6189 6980 8051 8980 9481 9417 8805 7815 15221 15592 16480 17553 18410 18708 18322 17413 16342 15507 3318 2819 2044 1073 62831 1073 2044 2819 3318 3490 4938 5419 5437 4989 4150 3087 2171 2127 3006 4075 11371 10437 10026 10334 11212 12286 13153 13513 13244 12438 15235 15364 16089 17139 18123 18660 18526 17778 16720 15753 19457 19686 20454 21510 22477 22936 22656 21782 20708 19838 13109 13243 13989 15046 16016 16535 16404 15674 14623 13641 7473 8538 9491 10028 9995 9401 8418 7366 6677 6722 
3023 3369 4351 5397 6170 6497 6316 5660 4668 3618 5692 5040 5186 6031 7104 7996 8451 8355 7732 6742 14479 14931 15868 16935 17732 17945 17486 16541 15476 14688 3490 3318 2819 2044 1073 62831 1073 2044 2819 3318 5878 6435 6501 6062 5206 4137 3244 3118 3872 4943 10387 9429 8982 9266 10139 11213 12085 12463 12224 11446 15823 16043 16830 17894 18841 19295 19061 18241 17170 16252 19209 19556 20406 21478 22374 22696 22281 21337 20273 19476 12047 12206 12977 14040 14993 15486 15336 14601 13549 12569 8415 9486 10405 10873 10752 10076 9053 8031 7446 7602 
3298 3926 4980 5965 6603 6755 6391 5586 4528 3577 4861 4351 4700 5656 6713 7508 7835 7616 6904 5876 14337 14891 15879 16927 17642 17739 17180 16188 15142 14433 3318 3490 3318 2819 2044 1073 62831 1073 2044 2819 6443 7126 7320 6982 6186 5129 4172 3844 4398 5430 9335 8393 7990 8340 9256 10325 11156 11480 11199 10399 16823 17079 17884 18951 19885 20306 20025 19169 18095 17208 19575 20028 20942 22015 22834 23019 22474 21471 20433 19725 11290 11540 12376 13449 14354 14765 14536 13748 12685 11737 9478 10549 11475 11946 11814 11120 10086 9077 8513 8675 
4254 4964 6028 6990 7572 7637 7169 6277 5203 4361 4751 4482 5057 6090 7102 7777 7945 7569 6736 5669 14852 15488 16509 17533 18170 18161 17511 16482 15467 14843 2819 3318 3490 3318 2819 2044 1073 62831 1073 2044 6517 7329 7683 7497 6812 5797 4767 4211 4515 5454 8636 7757 7485 7970 8953 10002 10748 10960 10576 9709 17864 18086 18860 19920 20879 21339 21085 20239 19165 18270 20437 20954 21900 22967 23734 23823 23186 22149 21142 20507 11160 11531 12440 13511 14347 14650 14310 13450 12377 11491 10282 11342 12307 12843 12772 12117 11097 10072 9457 9540 
5310 5971 7022 8010 8627 8709 8238 7333 6259 5433 5440 5335 6011 7064 8047 8653 8723 8240 7327 6254 15820 16493 17525 18536 19134 19067 18364 17317 16326 15757 2044 2819 3318 3490 3318 2819 2044 1073 62831 1073 6085 7000 7506 7486 6945 6008 4937 4174 4208 5012 8625 7845 7734 8352 9383 10397 11048 11135 10633 9693 18549 18676 19375 20412 21417 21978 21828 21042 19974 19035 21510 22024 22963 24032 24807 24885 24218 23170 22179 21567 11717 12184 13139 14200 14976 15184 14748 13828 12757 11941 10577 11610 12622 13253 13289 12719 11735 10684 9977 9935 
6110 6650 7661 8692 9397 9573 9175 8310 7238 6357 6498 6409 7069 8116 9110 9727 9791 9286 8353 7283 16878 17530 18553 19575 20194 20140 19437 18388 17400 16828 1073 2044 2819 3318 3490 3318 2819 2044 1073 62831 5234 6210 6829 6953 6557 5725 4660 3739 3516 4176 9308 8610 8601 9285 10333 11324 11918 11925 11344 10359 18598 18605 19208 20206 21249 21923 21914 21227 20180 19188 22394 22827 23711 24784 25642 25830 25228 24193 23183 22523 12714 13217 14185 15242 15995 16162 15678 14728 13664 12888 10280 11272 12317 13038 13192 12727 11798 10728 9926 9748 
8546 8331 8853 9846 10890 11615 11789 11358 10457 9384 11238 10795 11057 11903 12977 13872 14273 14037 13248 12185 19990 20199 20946 21996 22977 23463 23203 22334 21261 20385 4166 3267 3125 3867 4938 5878 6443 6517 6085 5234 62831 1073 2044 2819 3318 3490 3318 2819 2044 1073 14503 13842 13813 14428 15443 16473 17130 17159 16547 15535 15160 14769 15039 15866 16937 17852 18253 17976 17134 16062 22491 22215 22511 23301 24359 25315 25706 25289 24321 23267 17671 17980 18815 19886 20796 21162 20812 19911 18839 17995 6466 7176 8234 9207 9782 9797 9247 8289 7225 6486 
8867 8510 8895 9825 10892 11706 12000 11683 10853 9784 11979 11450 11608 12383 13448 14397 14887 14741 14013 12964 20068 20151 20800 21814 22844 23465 23361 22590 21523 20578 5156 4193 3850 4390 5419 6435 7126 7329 7000 6210 1073 62831 1073 2044 2819 3318 3490 3318 2819 2044 15511 14815 14732 15293 16283 17330 18039 18124 17551 16553 14162 13736 13981 14798 15868 16790 17213 16970 16157 15088 21803 21428 21637 22370 23413 24407 24904 24622 23727 22656 18416 18637 19407 20466 21428 21891 21632 20778 19705 18816 5536 6180 7226 8221 8851 8946 8480 7577 6504 5674 
8623 8131 8382 9244 10317 11199 11602 11399 10655 9605 12170 11537 11570 12254 13297 14295 14885 14855 14215 13196 19470 19452 20025 21006 22059 22766 22788 22113 21068 20073 5817 4784 4215 4504 5437 6501 7320 7683 7506 6829 2044 1073 62831 1073 2044 2819 3318 3490 3318 2819 16117 15350 15164 15631 16573 17639 18428 18621 18137 17178 13120 12725 13015 13866 14939 15832 16211 15933 15104 14032 20755 20360 20563 21304 22351 23337 23832 23573 22702 21628 18546 18650 19330 20360 21374 21958 21836 21069 20004 19054 4464 5134 6190 7170 7781 7874 7427 6547 5474 4614 
7875 7290 7451 8268 9340 10255 10719 10596 9920 8897 11750 11029 10954 11559 12576 13603 14268 14336 13783 12804 18456 18405 18960 19935 20991 21713 21773 21141 20111 19096 6022 4950 4177 4194 4989 6062 6982 7497 7486 6953 2819 2044 1073 62831 1073 2044 2819 3318 3490 3318 16093 15250 14953 15317 16201 17275 18135 18442 18067 17166 12432 12129 12518 13430 14501 15332 15617 15251 14369 13295 19765 19423 19692 20489 21552 22497 22911 22583 21682 20611 18008 18011 18617 19617 20659 21329 21325 20647 19604 18607 3693 4509 5583 6489 6990 6978 6455 5535 4462 3671 
6830 6221 6381 7211 8285 9188 9646 9531 8875 7864 10854 10085 9954 10524 11531 12566 13259 13372 12869 11919 17426 17414 18012 19011 20053 20731 20744 20086 19050 18043 5731 4668 3739 3501 4150 5206 6186 6812 6945 6557 3318 2819 2044 1073 62831 1073 2044 2819 3318 3490 15448 14552 14175 14467 15312 16384 17284 17663 17369 16521 12385 12201 12700 13668 14725 15479 15653 15180 14238 13171 19175 18935 19312 20184 21257 22131 22417 21971 21014 19954 17023 16986 17566 18559 19605 20299 20340 19709 18682 17664 3744 4715 5765 6549 6880 6690 6019 5016 3975 3404 
5842 5312 5596 6508 7577 8415 8785 8592 7885 6855 9780 9018 8912 9516 10539 11561 12224 12312 11797 10845 16755 16838 17517 18550 19561 20149 20058 19329 18273 17298 4999 3977 2956 2522 3087 4137 5129 5797 6008 5725 3490 3318 2819 2044 1073 62831 1073 2044 2819 3318 14425 13512 13113 13395 14238 15311 16211 16599 16325 15496 12999 12909 13483 14483 15523 16218 16304 15748 14762 13713 19176 19056 19544 20481 21550 22337 22480 21907 20896 19864 15973 15967 16581 17591 18625 19284 19291 18643 17613 16599 4575 5602 6620 7313 7514 7177 6380 5322 4368 4035 
5380 5044 5535 6537 7574 8302 8527 8193 7383 6320 8936 8245 8252 8953 10006 10988 11567 11562 10973 9986 16684 16882 17647 18706 19669 20148 19931 19117 18046 17125 3974 2988 1932 1461 2171 3244 4172 4767 4937 4660 3318 3490 3318 2819 2044 1073 62831 1073 2044 2819 13403 12512 12160 12499 13384 14457 15318 15650 15330 14476 14016 13958 14548 15552 16590 17272 17329 16740 15736 14698 19767 19747 20314 21291 22347 23060 23085 22409 21363 20370 15249 15331 16022 17062 18064 18641 18555 17842 16793 15806 5649 6673 7694 8380 8552 8166 7319 6249 5347 5089 
5735 5595 6236 7281 8278 8910 9006 8542 7639 6565 8705 8136 8299 9107 10179 11101 11569 11438 10748 9717 17238 17530 18356 19426 20343 20727 20402 19518 18444 17583 2957 1934 925 1074 2127 3118 3844 4211 4174 3739 2819 3318 3490 3318 2819 2044 1073 62831 1073 2044 12776 11944 11695 12141 13085 14150 14941 15171 14756 13848 15043 14946 15493 16476 17527 18249 18349 17786 16792 15748 20758 20780 21372 22357 23408 24097 24069 23339 22279 21313 15123 15320 16095 17157 18111 18585 18380 17585 16517 15581 6546 7533 8579 9325 9557 9212 8383 7315 6395 6074 
6679 6618 7295 8345 9333 9936 9981 9456 8510 7443 9205 8750 9029 9901 10975 11848 12229 11997 11226 10168 18219 18551 19398 20470 21369 21709 21325 20403 19334 18513 2537 1476 1081 1943 3006 3872 4398 4515 4208 3516 2044 2819 3318 3490 3318 2819 2044 1073 62831 1073 12801 12051 11923 12474 13467 14512 15224 15343 14825 13860 15701 15510 15969 16905 17973 18769 18970 18489 17531 16470 21806 21790 22336 23292 24356 25099 25122 24410 23351 22380 15644 15936 16772 17844 18751 19133 18825 17960 16886 16006 7033 7947 9017 9850 10195 9952 9191 8139 7164 6710 
7741 7640 8267 9301 10312 10955 11034 10526 9583 8516 10188 9778 10089 10971 12044 12908 13265 12996 12190 11124 19271 19574 20395 21463 22388 22762 22396 21477 20408 19582 3114 2193 2135 3005 4075 4943 5430 5454 5012 4176 1073 2044 2819 3318 3490 3318 2819 2044 1073 62831 13468 12786 12742 13355 14371 15399 16059 16101 15509 14508 15746 15443 15796 16671 17744 18614 18932 18563 17663 16591 22492 22360 22792 23674 24748 25607 25798 25199 24166 23155 16614 16948 17805 18879 19767 20104 19740 18838 17766 16924 7005 7819 8891 9807 10278 10168 9508 8492 7463 6857 
10352 11421 12249 12559 12250 11423 10353 9436 9069 9435 5567 6637 7485 7884 7740 7086 6085 5043 4435 4666 12196 13265 14195 14652 14473 13722 12666 11694 11197 11394 10355 11347 11942 11951 11371 10387 9335 8636 8625 9308 14503 15511 16117 16093 15448 14425 13403 12776 12801 13468 62831 1073 2044 2819 3318 3490 3318 2819 2044 1073 23924 24778 25848 26743 26959 26341 25297 24299 23652 23517 18871 19937 20874 21291 20992 20118 19045 18173 17805 18068 5421 6453 7466 8137 8295 7901 7051 5981 5082 4839 18792 19865 20738 21039 20627 19694 18627 17820 17553 17919 
9284 10352 11176 11490 11199 10391 9326 8389 8000 8362 4494 5563 6418 6847 6762 6178 5223 4157 3444 3600 11808 12861 13841 14396 14330 13666 12639 11622 11016 11089 9676 10624 11143 11073 10437 9429 8393 7757 7845 8610 13842 14815 15350 15250 14552 13512 12512 11944 12051 12786 1073 62831 1073 2044 2819 3318 3490 3318 2819 2044 22950 23764 24828 25764 26098 25614 24617 23577 22842 22614 18614 19659 20651 21186 21017 20226 19158 18222 17745 17893 5217 6174 7232 8023 8334 8090 7350 6309 5313 4846 17805 18878 19723 19991 19560 18622 17556 16756 16510 16908 
8504 9558 10324 10568 10219 9379 8309 7401 7083 7533 3679 4721 5495 5844 5705 5105 4153 3084 2392 2692 10931 11968 12974 13591 13607 13016 12022 10976 10291 10273 9674 10552 10953 10759 10026 8982 7990 7485 7734 8601 13813 14732 15164 14953 14175 13113 12160 11695 11923 12742 2044 1073 62831 1073 2044 2819 3318 3490 3318 2819 21897 22735 23804 24715 25025 24550 23565 22518 21771 21543 17782 18807 19826 20436 20367 19651 18598 17617 17059 17121 4574 5440 6513 7389 7829 7730 7115 6133 5078 4414 17234 18300 19080 19254 18746 17773 16718 15971 15807 16288 
8380 9397 10062 10179 9717 8806 7733 6911 6754 7352 3663 4599 5192 5341 5022 4288 3268 2245 1880 2591 9857 10894 11900 12524 12560 11996 11018 9963 9248 9206 10351 11163 11461 11153 10334 9266 8340 7970 8352 9285 14428 15293 15631 15317 14467 13395 12499 12141 12474 13355 2819 2044 1073 62831 1073 2044 2819 3318 3490 3318 21136 22035 23109 23948 24146 23591 22580 21548 20851 20698 16710 17734 18754 19375 19332 18646 17603 16605 16018 16058 3604 4411 5484 6395 6906 6907 6397 5487 4413 3605 17280 18324 19017 19070 18462 17446 16417 15755 15704 16285 
8978 9949 10514 10507 9929 8952 7896 7191 7201 7919 4458 5285 5708 5653 5129 4229 3156 2341 2466 3397 8990 10045 11022 11590 11571 10971 9979 8932 8253 8277 11395 12184 12438 12075 11212 10139 9256 8953 9383 10333 15443 16283 16573 16201 15312 14238 13384 13085 13467 14371 3318 2819 2044 1073 62831 1073 2044 2819 3318 3490 20899 21864 22925 23657 23699 23026 21979 20986 20380 20348 15801 16842 17841 18413 18323 17609 16559 15573 15017 15105 2541 3399 4471 5348 5834 5842 5369 4502 3432 2557 17927 18944 19555 19499 18800 17754 16762 16187 16240 16900 
10000 10950 11469 11396 10753 9741 8708 8080 8172 8935 5531 6343 6718 6578 5951 4973 3916 3268 3527 4471 8719 9791 10707 11169 11037 10350 9321 8306 7735 7903 12392 13208 13491 13144 12286 11213 10325 10002 10397 11324 16473 17330 17639 17275 16384 15311 14457 14150 14512 15399 3490 3318 2819 2044 1073 62831 1073 2044 2819 3318 21253 22268 23297 23910 23787 22997 21928 20995 20502 20598 15392 16454 17409 17889 17699 16918 15854 14906 14433 14619 1934 2965 3978 4710 5038 4913 4354 3448 2374 1595 18946 19950 20520 20402 19650 18590 17627 17108 17214 17909 
11023 11989 12530 12469 11825 10810 9780 9153 9226 9963 6449 7318 7750 7644 7025 6042 4988 4329 4501 5376 9183 10254 11101 11450 11195 10413 9353 8396 7964 8283 12991 13867 14234 13965 13153 12085 11156 10748 11048 11918 17130 18039 18428 18135 17284 16211 15318 14941 15224 16059 3318 3490 3318 2819 2044 1073 62831 1073 2044 2819 22096 23136 24134 24648 24392 23514 22441 21574 21180 21372 15638 16710 17608 17981 17677 16821 15747 14859 14492 14791 2414 3485 4365 4890 4978 4618 3862 2837 1823 1575 19972 20987 21580 21475 20723 19661 18701 18179 18269 18943 
11691 12695 13310 13326 12738 11745 10699 10010 9992 10652 6969 7917 8464 8469 7931 6988 5920 5160 5153 5902 10150 11216 12024 12306 11972 11130 10059 9155 8816 9215 12993 13931 14405 14247 13513 12463 11480 10960 11135 11925 17159 18124 18621 18442 17663 16599 15650 15171 15343 16101 2819 3318 3490 3318 2819 2044 1073 62831 1073 2044 23166 24209 25203 25687 25367 24444 23377 22551 22204 22429 16444 17518 18368 18658 18263 17350 16279 15449 15171 15551 3459 4518 5343 5760 5696 5163 4256 3182 2382 2524 20597 21643 22320 22311 21619 20570 19581 18995 19003 19602 
11791 12832 13539 13669 13176 12231 11165 10387 10240 10792 6978 7994 8669 8820 8410 7544 6472 5592 5369 5949 11206 12275 13093 13379 13038 12184 11111 10219 9890 10281 12395 13379 13943 13892 13244 12224 11199 10576 10633 11344 16547 17551 18137 18067 17369 16325 15330 14756 14825 15509 2044 2819 3318 3490 3318 2819 2044 1073 62831 1073 24071 25086 26116 26686 26425 25515 24446 23607 23224 23392 17512 18585 19426 19688 19256 18318 17252 16452 16208 16611 4459 5529 6392 6833 6759 6186 5238 4170 3441 3575 20546 21614 22396 22531 21951 20937 19907 19225 19112 19606 
11292 12355 13140 13380 12993 12111 11037 10176 9900 10342 6474 7530 8312 8607 8340 7580 6531 5551 5117 5510 11972 13045 13913 14268 13984 13163 12094 11172 10779 11094 11400 12401 13011 13025 12438 11446 10399 9709 9693 10359 15535 16553 17178 17166 16521 15496 14476 13848 13860 14508 1073 2044 2819 3318 3490 3318 2819 2044 1073 62831 24382 25324 26393 27147 27105 26298 25225 24311 23808 23834 18444 19517 20392 20701 20302 19377 18308 17491 17214 17573 5154 6224 7163 7706 7722 7207 6285 5213 4420 4394 19841 20915 21768 22024 21557 20591 19534 18768 18550 18952 
14476 13445 12432 11831 11901 12610 13659 14646 15210 15145 18760 17715 16721 16143 16191 16849 17875 18893 19507 19455 13418 12427 11880 12013 12766 13826 14789 15303 15179 14464 17989 16975 15945 15282 15235 15823 16823 17864 18549 18598 15160 14162 13120 12432 12385 12999 14016 15043 15701 15746 23924 22950 21897 21136 20899 21253 22096 23166 24071 24382 62831 1073 2044 2819 3318 3490 3318 2819 2044 1073 8814 7970 7754 8284 9284 10324 11041 11211 10783 9888 19725 18691 18004 17898 18410 19366 20429 21190 21311 20734 8741 7985 6937 5955 5506 5871 6818 7879 8680 8995 
14975 13921 12947 12435 12602 13374 14438 15390 15878 15720 19443 18380 17425 16919 17042 17751 18794 19790 20343 20206 14488 13493 12929 13029 13751 14803 15785 16331 16235 15532 17903 16856 15865 15295 15364 16043 17079 18086 18676 18605 14769 13736 12725 12129 12201 12909 13958 14946 15510 15443 24778 23764 22735 22035 21864 22268 23136 24209 25086 25324 1073 62831 1073 2044 2819 3318 3490 3318 2819 2044 9680 8782 8458 8877 9825 10887 11680 11946 11600 10752 20779 19752 19075 18971 19474 20419 21486 22259 22383 21796 8479 7624 6553 5660 5413 5970 6992 8015 8704 8873 
15937 14873 13922 13450 13649 14436 15502 16445 16910 16715 20474 19407 18466 17981 18115 18824 19865 20864 21413 21258 15314 14292 13660 13669 14316 15343 16361 16987 16978 16337 18432 17367 16418 15932 16089 16830 17884 18860 19375 19208 15039 13981 13015 12518 12700 13483 14548 15493 15969 15796 25848 24828 23804 23109 22925 23297 24134 25203 26116 26393 2044 1073 62831 1073 2044 2819 3318 3490 3318 2819 10074 9109 8650 8927 9799 10873 11746 12129 11900 11131 21752 20709 19986 19811 20239 21137 22211 23052 23269 22747 8956 8022 6952 6170 6094 6771 7823 8808 9412 9466 
16997 15936 14976 14480 14640 15393 16451 17418 17922 17759 21487 20425 19465 18935 19009 19663 20682 21708 22324 22235 15592 14542 13820 13712 14263 15250 16299 17015 17122 16576 19396 18325 17401 16953 17139 17894 18951 19920 20412 20206 15866 14798 13866 13430 13668 14483 15552 16476 16905 16671 26743 25764 24715 23948 23657 23910 24648 25687 26686 27147 2819 2044 1073 62831 1073 2044 2819 3318 3490 3318 9884 8866 8281 8422 9215 10284 11217 11702 11588 10910 22235 21170 20362 20069 20379 21199 22267 23193 23559 23171 9930 8964 7904 7174 7149 7843 8896 9878 10466 10485 
17757 16712 15718 15146 15212 15891 16927 17934 18525 18456 22067 21028 20025 19403 19364 19920 20892 21949 22674 22721 15219 14151 13354 13144 13609 14558 15622 16404 16608 16155 20456 19387 18452 17977 18123 18841 19885 20879 21417 21249 16937 15868 14939 14501 14725 15523 16590 17527 17973 17744 26959 26098 25025 24146 23699 23787 24392 25367 26425 27105 3318 2819 2044 1073 62831 1073 2044 2819 3318 3490 9164 8117 7446 7495 8237 9300 10260 10802 10764 10157 21992 20918 20033 19628 19830 20575 21626 22607 23098 22850 10983 10028 8964 8210 8129 8765 9801 10809 11446 11511 
17917 16904 15873 15207 15157 15744 16744 17785 18471 18522 21940 20944 19901 19184 19027 19481 20398 21470 22286 22474 14333 13260 12422 12160 12586 13519 14587 15392 15640 15237 21202 20146 19170 18613 18660 19295 20306 21339 21978 21923 17852 16790 15832 15332 15479 16218 17272 18249 18769 18614 26341 25614 24550 23591 23026 22997 23514 24444 25515 26298 3490 3318 2819 2044 1073 62831 1073 2044 2819 3318 8125 7070 6377 6424 7181 8248 9196 9729 9695 9105 21145 20074 19149 18685 18835 19549 20591 21588 22128 21950 11740 10829 9756 8931 8731 9258 10252 11296 12018 12183 
17410 16436 15381 14639 14496 15007 15974 17032 17783 17929 21167 20211 19150 18373 18143 18538 19426 20500 21355 21621 13259 12187 11353 11109 11564 12516 13579 14360 14582 14166 21301 20277 19256 18599 18526 19061 20025 21085 21828 21914 18253 17213 16211 15617 15653 16304 17329 18349 18970 18932 25297 24617 23565 22580 21979 21928 22441 23377 24446 25225 3318 3490 3318 2819 2044 1073 62831 1073 2044 2819 7124 6084 5463 5633 6482 7556 8445 8890 8774 8128 20071 19001 18076 17620 17791 18530 19582 20562 21073 20879 11954 11114 10043 9137 8794 9188 10122 11188 11998 12284 
16442 15491 14427 13651 13468 13954 14912 15973 16741 16921 20102 19154 18090 17303 17069 17473 18371 19444 20288 20547 12401 11335 10555 10401 10947 11942 12985 13698 13834 13345 20707 19721 18672 17941 17778 18241 19169 20239 21042 21227 17976 16970 15933 15251 15180 15748 16740 17786 18489 18563 24299 23577 22518 21548 20986 20995 21574 22551 23607 24311 2819 3318 3490 3318 2819 2044 1073 62831 1073 2044 6606 5622 5178 5559 6517 7575 8364 8667 8409 7653 19177 18103 17214 16827 17080 17883 18949 19885 20310 20031 11559 10799 9745 8773 8303 8575 9446 10520 11393 11780 
15384 14426 13364 12602 12451 12976 13956 15008 15742 15886 19155 18182 17127 16378 16208 16679 17619 18686 19475 19658 12106 11060 10373 10352 11006 12042 13050 13670 13689 13099 19691 18723 17666 16908 16720 17170 18095 19165 19974 20180 17134 16157 15104 14369 14238 14762 15736 16792 17531 17663 23652 22842 21771 20851 20380 20502 21180 22204 23224 23808 2044 2819 3318 3490 3318 2819 2044 1073 62831 1073 6862 5969 5711 6251 7265 8294 8996 9177 8788 7933 18765 17695 16872 16591 16953 17829 18902 19772 20079 19684 10679 9978 8944 7935 7385 7585 8424 9498 10397 10834 
14633 13640 12594 11897 11842 12455 13473 14499 15158 15209 18652 17640 16608 15937 15874 16442 17432 18479 19184 19251 12501 11488 10894 10984 11715 12772 13745 14287 14206 13532 18662 17681 16630 15897 15753 16252 17208 18270 19035 19188 16062 15088 14032 13295 13171 13713 14698 15748 16470 16591 23517 22614 21543 20698 20348 20598 21372 22429 23392 23834 1073 2044 2819 3318 3490 3318 2819 2044 1073 62831 7742 6906 6726 7308 8330 9352 10030 10164 9716 8815 18970 17916 17171 16997 17456 18387 19456 20257 20450 19946 9605 8910 7882 6866 6312 6536 7401 8475 9352 9767 
