NAME: sphere_cap_reg_ol_25x10
COMMENT: type = spherical_cap, neigh_ang = 0.261799387799, neigh_size = 10
COMMENT: sphere_limit = 1.0471975512, rect_limit = [-1.0471975512, 0.785398163397, -0.785398163397, 1.0471975512]
TYPE: GTSP
DIMENSION: 250
GTSP_SETS: 25
EDGE_WEIGHT_TYPE: EXPLICIT
EDGE_WEIGHT_FORMAT: FULL_MATRIX
EDGE_WEIGHT_SECTION:
62831 1601 3054 4219 4974 5235 4974 4219 3054 1601 3782 3136 2258 1378 1193 1962 2877 3610 4037 4097 3748 3050 3920 5496 6967 7960 8281 7869 6803 5293 3408 1815 829 2173 3737 5003 5802 6035 5671 4758 7372 6539 6929 8275 9872 11148 11734 11469 10426 8897 6735 5383 3782 2584 2953 4444 5990 7149 7703 7557 5447 4141 4040 5240 6841 8208 9002 9053 8351 7045 6493 4898 3573 3511 4777 6377 7705 8457 8486 7785 8409 7341 7388 8519 10109 11532 12346 12313 11442 9989 9947 8461 6898 5941 6217 7523 9123 10432 11083 10906 7636 6143 5451 6065 7530 9095 10247 10685 10300 9187 11654 10719 10816 11897 13470 14934 15776 15690 14709 13184 9583 7989 6627 6222 7058 8586 10112 11151 11420 10846 9845 8593 8306 9154 10668 12206 13249 13470 12798 11445 10220 8666 7699 7865 9060 10657 12046 12792 12670 11717 12629 11595 11540 12491 14022 15545 16513 16564 15677 14187 12809 11215 9835 9281 9850 11236 12829 14059 14517 14047 11839 10464 9904 10447 11813 13409 14661 15140 14677 13435 13213 11634 10529 10406 11328 12855 14382 15375 15481 14664 14164 13028 12797 13573 15026 16602 17724 17951 17187 15744 14523 13077 12322 12588 13756 15343 16764 17493 17237 16102 16897 16041 16100 17053 18564 20107 21073 21005 19936 18366 16775 15185 13994 13664 14330 15721 17315 18527 18868 18184 16620 15411 15024 15605 16936 18537 19822 20248 19611 18212 18324 16843 15962 15993 16926 18429 19978 20967 20931 19888 
1601 62831 1601 3054 4219 4974 5235 4974 4219 3054 4324 3097 1583 222 1761 3250 4437 5194 5436 5134 4675 3467 3636 5007 6594 7855 8510 8431 7634 6277 4958 3358 2292 2931 4488 5985 7050 7497 7252 6354 7931 6800 6785 7894 9482 10913 11751 11762 10942 9522 7546 6028 4492 3755 4487 6022 7541 8608 8991 8611 6906 5477 4986 5827 7370 8882 9909 10199 9683 8484 7932 6332 5124 5098 6276 7875 9260 10056 10071 9302 9506 8254 7978 8847 10371 11901 12928 13135 12459 11107 10726 9159 7695 7018 7555 8960 10547 11763 12250 11868 9233 7726 6933 7348 8697 10294 11566 12139 11847 10776 12402 11271 11091 11949 13449 14999 16046 16208 15424 13984 10893 9293 8040 7773 8657 10187 11712 12727 12925 12245 11274 9932 9446 10077 11492 13079 14274 14677 14150 12873 11794 10252 9299 9421 10548 12134 13568 14369 14271 13306 13794 12619 12340 13083 14525 16105 17249 17518 16800 15384 13993 12392 11114 10711 11382 12803 14389 15571 15929 15329 13417 12013 11363 11771 13042 14642 15985 16584 16210 15008 14700 13140 12092 12006 12921 14437 15974 16976 17057 16186 15611 14392 14009 14618 15975 17574 18830 19230 18595 17206 16120 14678 13907 14116 15219 16789 18255 19052 18835 17701 18199 17209 17077 17850 19268 20858 22014 22175 21254 19720 18166 16596 15481 15225 15926 17322 18916 20117 20401 19630 18205 16965 16498 16969 18213 19808 21182 21734 21177 19800 19863 18408 17558 17588 18489 19968 21534 22562 22524 21441 
3054 1601 62831 1601 3054 4219 4974 5235 4974 4219 5807 4413 2812 1788 2641 4236 5670 6649 7019 6723 5142 3625 3050 4027 5616 7057 7999 8258 7787 6674 6463 4867 3555 3521 4801 6400 7720 8461 8476 7763 7777 6410 6004 6852 8386 9906 10937 11201 10629 9371 9061 7506 6021 5357 6006 7486 9043 10177 10592 10187 7882 6332 5442 5838 7216 8807 10056 10630 10387 9385 9508 7907 6628 6379 7335 8895 10385 11345 11511 10837 9896 8470 7856 8419 9823 11411 12626 13092 12665 11478 12201 10614 9204 8604 9152 10537 12130 13363 13840 13405 10516 8952 7947 8051 9201 10793 12209 12999 12921 11999 12292 10983 10531 11162 12564 14155 15362 15759 15202 13893 12494 10893 9624 9275 10038 11512 13076 14185 14471 13836 12103 10640 9892 10238 11494 13094 14447 15089 14797 13673 13258 11688 10619 10544 11502 13040 14556 15518 15583 14727 14165 12830 12291 12788 14100 15701 17007 17526 17047 15766 15584 13983 12716 12292 12904 14279 15876 17112 17519 16930 14572 13087 12246 12416 13519 15093 16552 17360 17198 16132 16259 14685 13575 13367 14151 15604 17180 18300 18510 17718 16409 15055 14441 14810 16014 17605 19007 19660 19266 18009 17496 15999 15093 15114 16056 17567 19109 20089 20065 19049 18689 17511 17126 17662 18940 20538 21880 22355 21700 20271 19762 18187 17040 16708 17304 18625 20226 21521 21921 21212 19356 18002 17340 17587 18660 20212 21708 22518 22209 20956 21376 19882 18931 18806 19545 20929 22527 23730 23902 22932 
4219 3054 1601 62831 1601 3054 4219 4974 5235 4974 7361 6007 4406 3194 3406 4810 6389 7624 8254 8161 5096 3498 2264 2666 4183 5713 6846 7382 7236 6429 7528 5992 4479 3832 4640 6191 7694 8726 9063 8634 6939 5426 4707 5354 6846 8397 9520 9942 9565 8476 10598 9065 7545 6720 7110 8451 10049 11329 11917 11648 8186 6585 5354 5272 6404 7999 9408 10240 10289 9544 10689 9105 7688 7120 7762 9210 10784 11947 12355 11891 9488 7947 7043 7321 8597 10198 11531 12195 12000 11001 13765 12186 10745 10044 10435 11716 13317 14650 15257 14922 11127 9527 8292 8045 8936 10466 11990 13002 13188 12491 11357 9932 9284 9757 11095 12694 13976 14513 14124 12941 13802 12205 10836 10277 10809 12165 13763 15025 15512 15049 12094 10539 9542 9596 10673 12248 13709 14561 14516 13589 14121 12523 11283 10937 11655 13096 14676 15828 16138 15488 13619 12164 11407 11696 12893 14486 15885 16586 16321 15194 16995 15395 14050 13471 13899 15155 16753 18112 18701 18265 14912 13351 12295 12194 13093 14602 16145 17162 17258 16395 17320 15722 14473 14044 14608 15938 17539 18825 19275 18685 16257 14785 13949 14081 15128 16682 18176 19041 18903 17825 18128 16562 15465 15234 15957 17364 18956 20139 20396 19602 18152 16825 16227 16568 17729 19308 20747 21442 21041 19754 20965 19367 18097 17564 17942 19107 20685 22126 22792 22315 19585 18108 17218 17209 18084 19554 21125 22179 22190 21152 22237 20670 19529 19148 19638 20856 22443 23847 24380 23701 
4974 4219 3054 1601 62831 1601 3054 4219 4974 5235 8508 7304 5730 4298 3898 4908 6494 7939 8863 9067 4542 3107 1509 1078 2588 4113 5294 5977 6076 5575 7953 6565 4965 3814 4022 5387 6977 8241 8889 8786 5569 3994 3118 3798 5337 6852 7928 8347 8032 7041 11657 10201 8622 7558 7599 8720 10308 11738 12559 12529 7763 6201 4733 4198 5067 6626 8119 9124 9413 8924 11154 9638 8100 7203 7482 8754 10356 11691 12357 12159 8377 6787 5688 5789 7012 8613 9977 10722 10660 9805 14867 13330 11814 10914 11049 12153 13730 15183 16000 15879 10906 9321 7905 7331 7957 9395 10973 12147 12566 12108 9872 8403 7693 8162 9524 11120 12380 12916 12567 11437 14382 12824 11338 10523 10772 11958 13551 14955 15679 15461 11249 9654 8475 8309 9255 10801 12309 13278 13405 12649 14100 12509 11113 10498 10967 12285 13886 15186 15729 15317 12336 10823 9947 10142 11304 12894 14311 15069 14905 13875 17700 16125 14668 13868 14044 15123 16687 18165 18991 18809 14319 12722 11497 11170 11900 13343 14922 16068 16365 15698 17473 15879 14486 13814 14135 15316 16904 18321 19015 18682 15215 13678 12697 12682 13642 15171 16696 17657 17670 16732 17750 16152 14890 14433 14961 16265 17867 19180 19668 19105 16823 15425 14728 15000 16134 17710 19161 19911 19616 18417 21231 19640 18225 17454 17577 18554 20067 21608 22546 22390 18785 17236 16181 15990 16733 18145 19736 20908 21129 20285 21998 20397 19082 18460 18722 19787 21331 22837 23650 23298 
5235 4974 4219 3054 1601 62831 1601 3054 4219 4974 8994 8028 6557 4983 4046 4519 5971 7539 8720 9243 3542 2528 1351 737 1737 2887 3810 4379 4528 4237 7661 6507 4957 3470 3019 4097 5694 7102 7989 8188 3968 2399 1817 3040 4636 5967 6791 6983 6512 5451 11937 10618 9017 7722 7392 8238 9759 11291 12331 12570 6690 5234 3650 2747 3469 5025 6523 7573 7978 7665 10781 9384 7788 6615 6544 7624 9208 10651 11515 11563 6831 5232 4087 4270 5609 7203 8487 9153 9059 8225 15129 13683 12103 10986 10834 11722 13234 14774 15796 15931 9910 8381 6857 6040 6479 7861 9452 10696 11248 10960 8309 6879 6314 7000 8477 10037 11165 11547 11079 9888 14041 12562 10997 9955 9936 10951 12509 14000 14910 14925 9811 8210 6948 6712 7663 9219 10714 11678 11839 11153 13202 11650 10155 9340 9626 10857 12456 13826 14509 14275 10737 9222 8371 8651 9898 11499 12855 13532 13316 12274 17413 15904 14361 13353 13289 14196 15703 17248 18260 18324 12997 11396 10083 9645 10315 11746 13328 14501 14868 14302 16654 15096 13608 12753 12894 13967 15532 17009 17848 17711 13666 12113 11100 11088 12081 13629 15134 16062 16073 15163 16525 14925 13574 12992 13429 14696 16296 17644 18223 17788 15222 13832 13177 13531 14743 16337 17729 18387 18032 16817 20422 18877 17369 16421 16361 17210 18673 20246 21324 21395 17315 15743 14630 14396 15133 16555 18143 19307 19557 18777 20793 19199 17794 17046 17205 18217 19748 21271 22165 21970 
4974 5235 4974 4219 3054 1601 62831 1601 3054 4219 8718 8044 6765 5173 3828 3687 4892 6493 7854 8650 2204 1923 1983 2339 2781 3140 3321 3285 3040 2641 6705 5825 4456 2856 1747 2516 4105 5554 6559 6963 2803 1581 2268 3856 5309 6331 6767 6554 5724 4398 11359 10214 8648 7183 6522 7101 8533 10112 11299 11757 5178 3822 2224 1154 2243 3840 5191 6081 6389 6074 9667 8402 6809 5448 5115 6076 7645 9122 10077 10275 5331 3754 2885 3617 5172 6671 7721 8118 7791 6799 14457 13130 11529 10241 9845 10547 11990 13568 14722 15058 8406 6921 5357 4448 4909 6344 7918 9116 9646 9391 7319 6064 5889 6925 8504 9961 10863 10974 10265 8920 12894 11500 9904 8712 8517 9435 10970 12489 13482 13633 8225 6625 5421 5379 6532 8128 9529 10342 10368 9599 11722 10201 8668 7772 8025 9269 10869 12227 12916 12729 9400 7956 7318 7879 9291 10876 12084 12552 12143 10976 16253 14815 13232 12095 11883 12697 14173 15738 16825 17023 11396 9795 8490 8116 8895 10387 11940 13030 13315 12707 15189 13660 12135 11207 11299 12366 13934 15407 16261 16177 12165 10640 9734 9898 11045 12633 14058 14836 14698 13694 14929 13331 11972 11410 11906 13229 14830 16125 16644 16187 13934 12633 12156 12719 14070 15669 16934 17390 16851 15536 18937 17423 15884 14872 14767 15610 17081 18650 19725 19839 15747 14188 13131 13007 13870 15360 16917 17967 18090 17233 19196 17605 16193 15457 15669 16748 18307 19792 20608 20370 
4219 4974 5235 4974 4219 3054 1601 62831 1601 3054 7737 7351 6325 4846 3275 2504 3411 4999 6447 7417 662 1610 2796 3763 4382 4578 4328 3663 2660 1463 5261 4615 3519 2091 490 1217 2766 4061 4967 5383 3172 2707 3822 5423 6811 7679 7871 7353 6216 4678 10085 9089 7591 6036 5141 5555 6949 8536 9770 10332 3635 2222 623 1100 2666 3992 4936 5395 5315 4705 8114 6918 5349 3905 3521 4582 6176 7597 8491 8676 4660 3289 3176 4446 6045 7369 8127 8176 7507 6247 13087 11849 10255 8874 8344 8970 10395 11978 13164 13578 6857 5342 3803 3121 3995 5570 7042 8034 8351 7932 7473 6502 6726 7987 9589 10931 11621 11471 10522 9035 11319 9958 8358 7123 6925 7897 9457 10946 11895 12032 7126 5565 4661 5107 6529 8108 9317 9857 9604 8616 10157 8620 7106 6313 6762 8141 9733 10978 11524 11224 8940 7670 7387 8272 9806 11327 12339 12544 11879 10541 14669 13252 11662 10498 10290 11145 12649 14195 15242 15422 10102 8507 7343 7247 8284 9857 11324 12221 12289 11507 13618 12076 10566 9704 9922 11104 12698 14102 14839 14657 11300 9868 9207 9668 11001 12601 13887 14433 14056 12881 13547 11946 10672 10288 10988 12426 14006 15165 15499 14886 13453 12318 12104 12911 14383 15950 17044 17246 16475 15035 17378 15848 14324 13371 13376 14337 15864 17392 18350 18345 14649 13144 12255 12367 13429 14992 16473 17328 17221 16196 17809 16208 14864 14273 14668 15892 17487 18873 19498 19079 
3054 4219 4974 5235 4974 4219 3054 1601 62831 1601 6261 6075 5301 4040 2472 1105 1839 3440 4850 5834 945 1867 3466 4835 5769 6146 5919 5115 3840 2269 3673 3064 2247 1459 1308 1988 2831 3517 3917 3972 4648 4307 5322 6907 8355 9275 9459 8866 7628 6042 8489 7534 6077 4495 3540 4060 5545 7097 8246 8743 2959 1368 1137 2688 4189 5331 5969 6020 5478 4413 6625 5353 3767 2413 2541 3985 5548 6757 7391 7344 5360 4320 4626 6006 7594 8845 9456 9291 8388 6948 11489 10250 8659 7274 6792 7530 9020 10574 11677 12014 5954 4359 3057 3135 4503 6089 7352 8030 7997 7260 8671 7883 8258 9567 11168 12475 13081 12800 11717 10167 9869 8450 6857 5738 5804 7005 8605 9982 10747 10706 7139 5729 5269 6115 7656 9170 10196 10476 9941 8723 9128 7539 6147 5702 6533 8066 9588 10626 10908 10362 9611 8541 8533 9591 11165 12629 13503 13510 12647 11188 13239 11774 10201 9137 9116 10149 11715 13193 14088 14105 9697 8162 7273 7557 8831 10433 11767 12430 12226 11216 12524 10941 9516 8876 9372 10728 12325 13589 14107 13708 11467 10187 9805 10522 11972 13547 14692 15014 14402 13068 12910 11333 10242 10147 11098 12636 14152 15120 15201 14366 13980 13029 13045 14021 15555 17075 18019 18003 17035 15505 16296 14722 13266 12489 12727 13873 15456 16891 17646 17416 14435 13038 12384 12759 13996 15594 16966 17599 17237 16028 17092 15501 14299 13945 14582 15955 17553 18788 19157 18495 
1601 3054 4219 4974 5235 4974 4219 3054 1601 62831 4690 4486 3845 2843 1603 551 1453 2708 3746 4433 2462 2458 3861 5436 6677 7354 7355 6680 5441 3867 2729 1606 781 1504 2632 3588 4222 4456 4260 3660 6202 5665 6416 7925 9465 10550 10892 10404 9211 7634 7140 6049 4537 2995 2421 3510 5110 6502 7387 7613 3865 2546 2709 4149 5715 6925 7552 7491 6750 5457 5922 4440 2870 2173 3221 4822 6220 7126 7388 6964 6869 5913 6191 7499 9099 10406 11055 10877 9918 8432 10255 8911 7310 6054 5880 6917 8496 9952 10854 10964 6297 4737 3883 4473 5968 7516 8646 9106 8799 7789 10269 9474 9780 11020 12620 13984 14653 14400 13312 11754 9165 7634 6113 5333 5864 7300 8876 10065 10557 10230 8256 6991 6749 7694 9248 10746 11714 11880 11198 9857 9154 7559 6407 6381 7499 9089 10513 11347 11364 10561 11050 10068 10125 11192 12762 14231 15090 15042 14103 12598 12514 10969 9464 8636 8934 10186 11787 13140 13808 13574 10396 8965 8327 8846 10221 11815 13060 13560 13156 11977 12366 10765 9501 9164 9942 11423 12983 14081 14355 13711 12585 11429 11208 12029 13513 15073 16150 16351 15597 14172 13290 11781 10902 11062 12183 13764 15208 16005 15862 14833 15296 14455 14571 15596 17141 18648 19535 19412 18336 16767 16068 14467 13138 12604 13099 14406 16007 17318 17840 17356 15190 13916 13457 14007 15335 16936 18225 18691 18132 16790 17286 15743 14721 14607 15445 16914 18484 19563 19686 18795 
3782 4324 5807 7361 8508 8994 8718 7737 6261 4690 62831 1601 3054 4219 4974 5235 4974 4219 3054 1601 7151 6802 7657 9186 10711 11742 11984 11369 10071 8471 3725 3247 4273 5866 7295 8211 8431 7915 6761 5209 10892 10256 10711 12024 13625 14930 15484 15090 13889 12301 3259 1704 460 1872 3407 4641 5432 5687 5374 4532 7435 6800 7391 8823 10402 11588 12036 11620 10458 8885 5018 3764 3808 5107 6705 8014 8732 8711 7955 6619 11133 10465 10880 12168 13769 15096 15685 15322 14139 12554 6404 4834 3398 3106 4279 5881 7251 8079 8207 7612 8053 7107 7328 8571 10172 11528 12229 12073 11105 9606 14806 14140 14459 15635 17221 18643 19341 19005 17788 16193 7198 5692 4983 5617 7098 8655 9790 10218 9838 8740 11427 10652 10943 12153 13749 15137 15829 15573 14463 12895 9341 8133 7934 8868 10412 11922 12901 13049 12321 10940 14904 14270 14619 15813 17403 18812 19482 19111 17871 16273 9932 8360 7329 7428 8591 10186 11591 12373 12303 11402 12178 11247 11334 12397 13964 15439 16297 16218 15233 13704 11420 10046 9497 10065 11448 13042 14275 14733 14259 13016 15300 14629 14931 16088 17670 19105 19825 19498 18281 16685 13735 12650 12498 13349 14837 16395 17454 17601 16773 15304 18446 18086 18622 19888 21485 22840 23310 22618 21161 19590 14404 12943 12159 12397 13548 15133 16564 17315 17088 15976 16477 15741 15946 17016 18571 20062 20889 20655 19478 17887 16615 15430 15076 15689 17037 18637 19901 20292 19619 18202 
3136 3097 4413 6007 7304 8028 8044 7351 6075 4486 1601 62831 1601 3054 4219 4974 5235 4974 4219 3054 6854 6136 6677 8101 9682 10881 11365 11005 9897 8345 4520 3459 3855 5305 6872 8062 8618 8430 7535 6115 10508 9624 9818 10986 12578 13990 14744 14583 13562 12027 4783 3184 1983 2532 4090 5587 6665 7147 6957 6125 7887 6924 7134 8376 9976 11333 12039 11893 10938 9445 6460 5053 4646 5584 7152 8631 9600 9829 9267 8043 11314 10396 10523 11632 13211 14660 15474 15364 14369 12840 7823 6225 4908 4703 5787 7379 8805 9677 9792 9122 9103 7941 7823 8822 10385 11870 12797 12884 12105 10697 14743 13853 13924 14926 16465 17979 18894 18821 17793 16240 8796 7275 6458 6871 8231 9826 11090 11661 11381 10328 12150 11157 11169 12180 13732 15230 16142 16131 15202 13696 10760 9450 9036 9748 11203 12776 13917 14252 13669 12361 15370 14513 14609 15617 17157 18670 19577 19475 18413 16848 11508 9946 8930 8981 10071 11650 13102 13945 13904 12993 13344 12258 12115 12982 14478 16030 17075 17210 16381 14914 12996 11592 10949 11375 12663 14264 15592 16173 15789 14587 16257 15397 15466 16440 17963 19494 20439 20361 19298 17731 15191 14019 13715 14404 15807 17399 18595 18909 18201 16778 19291 18704 18995 20078 21627 23125 23908 23510 22180 20581 16002 14544 13742 13919 15001 16566 18042 18865 18683 17576 17831 16963 16988 17895 19382 20942 21961 21932 20870 19299 18205 16990 16563 17070 18336 19934 21287 21796 21194 19795 
2258 1583 2812 4406 5730 6557 6765 6325 5301 3845 3054 1601 62831 1601 3054 4219 4974 5235 4974 4219 5929 4925 5220 6569 8164 9438 10065 9894 8968 7508 4872 3421 3086 4234 5835 7216 8060 8208 7631 6437 9392 8342 8368 9457 11037 12487 13334 13313 12432 10965 6310 4728 3333 3155 4391 5991 7332 8116 8194 7552 7627 6392 6232 7263 8839 10301 11206 11311 10587 9228 7421 5876 5027 5504 6927 8506 9712 10236 9953 8930 10661 9542 9428 10383 11925 13436 14400 14493 13684 12245 9405 7812 6444 6035 6878 8410 9932 10966 11233 10662 9448 8082 7609 8319 9788 11353 12482 12833 12300 11043 13798 12749 12644 13531 15033 16581 17610 17712 16845 15357 10082 8509 7473 7557 8708 10301 11714 12507 12447 11550 12019 10825 10563 11364 12845 14406 15495 15726 15012 13613 11580 10138 9447 9869 11177 12778 14088 14666 14316 13158 14888 13839 13709 14552 16029 17594 18665 18798 17935 16443 12968 11384 10255 10105 11014 12538 14068 15071 15198 14405 13724 12461 12050 12680 14067 15661 16884 17274 16674 15324 14148 12662 11823 12007 13128 14706 16155 16946 16774 15707 16299 15235 15053 15823 17257 18841 19983 20184 19345 17855 16013 14699 14160 14613 15874 17473 18827 19394 18917 17614 19123 18298 18340 19234 20705 22275 23313 23258 22145 20559 17365 15853 14915 14902 15819 17321 18871 19875 19889 18907 18417 17352 17121 17804 19171 20770 22004 22289 21465 19966 19382 18053 17431 17717 18818 20379 21860 22628 22268 20984 
1378 222 1788 3194 4298 4983 5173 4846 4040 2843 4219 3054 1601 62831 1601 3054 4219 4974 5235 4974 4525 3368 3637 5050 6628 7854 8465 8341 7506 6126 4741 3140 2076 2784 4358 5834 6869 7291 7031 6132 7839 6745 6786 7933 9527 10938 11742 11715 10863 9426 7421 5919 4367 3573 4271 5802 7324 8403 8808 8457 6700 5283 4836 5725 7281 8777 9776 10035 9494 8281 7729 6128 4906 4877 6065 7665 9043 9834 9851 9090 9348 8117 7883 8789 10326 11844 12843 13018 12314 10948 10611 9052 7572 6858 7364 8757 10347 11576 12085 11730 9011 7505 6724 7163 8528 10123 11381 11936 11632 10555 12293 11187 11045 11936 13448 14989 16009 16137 15324 13871 10708 9107 7840 7557 8435 9965 11489 12508 12715 12049 11073 9742 9282 9942 11372 12954 14130 14508 13961 12673 11575 10031 9077 9204 10340 11927 13356 14150 14048 13085 13631 12473 12224 12997 14453 16027 17149 17387 16644 15217 13827 12226 10934 10510 11169 12585 14172 15361 15733 15151 13198 11797 11159 11584 12869 14470 15801 16383 15997 14789 14493 12930 11875 11783 12699 14217 15753 16753 16838 15974 15410 14202 13839 14472 15843 17441 18678 19054 18400 17003 15898 14456 13687 13904 15016 16588 18048 18836 18613 17479 18019 17047 16943 17741 19174 20760 21890 22018 21073 19534 17973 16400 15274 15008 15704 17099 18694 19896 20189 19430 17985 16749 16294 16780 18036 19634 20995 21529 20960 19580 19650 18191 17337 17367 18272 19755 21318 22340 22302 21226 
1193 1761 2641 3406 3898 4046 3828 3275 2472 1603 4974 4219 3054 1601 62831 1601 3054 4219 4974 5235 2926 1918 2744 4334 5780 6771 7148 6852 5928 4526 4142 2674 1090 1190 2785 4233 5302 5861 5840 5243 6350 5406 5737 7086 8681 9955 10568 10366 9399 7914 7905 6574 4974 3711 3747 5045 6643 7953 8672 8655 5275 3774 3235 4215 5803 7247 8187 8438 7950 6818 7332 5776 4299 3776 4702 6276 7747 8718 8984 8487 7747 6526 6380 7415 8992 10453 11355 11451 10715 9348 11111 9641 8069 7044 7165 8351 9948 11340 12103 12018 7889 6316 5327 5607 6936 8534 9825 10465 10296 9359 10746 9709 9705 10737 12300 13783 14677 14680 13790 12310 10517 8943 7497 6870 7466 8899 10478 11662 12106 11685 9585 8201 7685 8351 9803 11376 12531 12916 12414 11177 10747 9155 8007 7906 8916 10481 11962 12880 12955 12163 12033 10874 10662 11505 13001 14553 15611 15798 15043 13622 13809 12229 10791 10097 10495 11778 13379 14710 15312 14971 11933 10462 9697 10030 11282 12882 14238 14888 14610 13499 13914 12316 11088 10766 11510 12964 14538 15671 15957 15290 13921 12660 12248 12872 14254 15849 17077 17472 16873 15521 14890 13374 12452 12518 13543 15094 16592 17487 17423 16427 16445 15448 15350 16187 17650 19223 20307 20417 19499 17976 17576 15976 14691 14200 14700 15990 17591 18918 19436 18909 16721 15396 14827 15232 16455 18049 19437 20055 19614 18323 18883 17344 16319 16164 16935 18361 19948 21098 21279 20397 
1962 3250 4236 4810 4908 4519 3687 2504 1105 551 5235 4974 4219 3054 1601 62831 1601 3054 4219 4974 1921 1991 3478 5021 6200 6826 6804 6139 4929 3372 3143 2147 1145 1098 2081 3087 3853 4269 4281 3889 5658 5117 5904 7430 8957 10016 10342 9856 8676 7103 7676 6600 5087 3545 2883 3814 5400 6851 7814 8107 3681 2230 2178 3598 5167 6397 7074 7092 6446 5240 6298 4866 3272 2327 3101 4676 6149 7169 7558 7251 6447 5424 5650 6948 8548 9862 10534 10396 9484 8027 10774 9447 7846 6564 6314 7273 8833 10323 11281 11446 6343 4753 3727 4129 5569 7140 8338 8894 8694 7780 9770 8943 9230 10470 12069 13433 14111 13881 12819 11272 9556 8050 6502 5615 6001 7370 8962 10220 10802 10560 8024 6693 6344 7221 8760 10275 11289 11522 10911 9623 9323 7722 6482 6308 7325 8899 10366 11282 11396 10679 10673 9636 9636 10672 12236 13716 14608 14608 13717 12237 12919 11391 9865 8967 9170 10357 11951 13350 14090 13928 10336 8860 8121 8540 9869 11468 12759 13334 13014 11898 12606 11006 9685 9246 9928 11367 12946 14108 14468 13904 12363 11150 10850 11611 13072 14644 15765 16032 15345 13959 13355 11818 10858 10921 11975 13540 15018 15887 15832 14872 14986 14087 14142 15127 16660 18181 19114 19057 18037 16486 16340 14743 13371 12757 13166 14419 16018 17378 17982 17580 15122 13796 13256 13729 15014 16615 17946 18491 18015 16723 17426 15862 14775 14573 15335 16768 18352 19498 19715 18903 
2877 4437 5670 6389 6494 5971 4892 3411 1839 1453 4974 5235 4974 4219 3054 1601 62831 1601 3054 4219 2750 3479 5037 6532 7580 7981 7664 6686 5229 3646 1855 1790 2153 2682 3147 3426 3461 3245 2821 2292 6258 6113 7160 8741 10194 11087 11181 10450 9089 7489 6774 5992 4693 3104 1806 2268 3824 5322 6412 6922 2676 1840 2863 4464 5860 6776 7070 6695 5709 4268 4814 3514 1937 731 1958 3533 4829 5675 5966 5667 6169 5539 6209 7693 9249 10375 10775 10348 9202 7639 9690 8513 6942 5493 4953 5751 7284 8806 9856 10176 4846 3297 2641 3621 5215 6646 7584 7859 7423 6352 9844 9300 9878 11270 12862 14086 14536 14058 12814 11219 8072 6623 5038 4034 4423 5846 7423 8636 9201 8999 7048 5934 5993 7183 8782 10166 10940 10902 10062 8640 7733 6133 4953 4989 6210 7811 9172 9932 9912 9116 10134 9339 9649 10894 12494 13854 14519 14265 13178 11621 11444 9956 8395 7411 7569 8766 10364 11750 12497 12384 8980 7588 7077 7774 9246 10810 11940 12305 11800 10570 11005 9405 8090 7712 8503 10002 11551 12629 12910 12308 11330 10277 10235 11225 12775 14277 15209 15245 14372 12896 11837 10329 9475 9712 10911 12506 13899 14620 14425 13380 14178 13480 13781 14954 16540 17962 18672 18365 17178 15587 14743 13148 11770 11175 11646 12956 14557 15865 16407 15979 13771 12536 12169 12837 14242 15833 17031 17381 16742 15369 15852 14300 13267 13171 14054 15552 17104 18137 18233 17350 
3610 5194 6649 7624 7939 7539 6493 4999 3440 2708 4219 4974 5235 4974 4219 3054 1601 62831 1601 3054 4340 5021 6531 8070 9171 9575 9194 8112 6581 5060 494 1861 3151 4150 4748 4878 4523 3726 2574 1202 7714 7689 8762 10341 11794 12660 12678 11843 10405 8820 5365 4837 3835 2469 884 836 2424 3800 4814 5357 3295 3168 4431 6030 7357 8121 8177 7514 6257 4672 3247 1918 451 1173 2603 3796 4626 5000 4877 4270 7113 6780 7650 9184 10705 11726 11956 11330 10025 8425 8147 7054 5528 4002 3352 4220 5790 7268 8266 8579 4216 2967 3162 4576 6152 7380 8010 7928 7149 5815 10930 10580 11303 12750 14327 15473 15781 15138 13778 12178 6507 5031 3458 2653 3496 5073 6541 7541 7889 7522 7234 6444 6888 8262 9855 11105 11655 11354 10285 8746 6611 5057 4212 4774 6250 7808 8959 9433 9129 8111 10691 10145 10694 12061 13657 14908 15381 14906 13653 12056 9876 8369 6822 5929 6284 7630 9226 10503 11106 10877 8496 7304 7169 8179 9747 11223 12143 12238 11482 10093 9696 8099 6925 6836 7892 9471 10927 11809 11871 11093 11283 10465 10712 11898 13491 14895 15620 15404 14328 12770 10932 9525 8924 9459 10834 12429 13673 14159 13728 12520 14337 13878 14416 15734 17335 18635 19112 18553 17207 15607 13369 11768 10473 10058 10737 12168 13750 14922 15277 14690 13188 12129 12027 12930 14441 15982 16995 17091 16231 14751 14730 13235 12369 12506 13584 15151 16624 17461 17329 16283 
4037 5436 7019 8254 8863 8720 7854 6447 4850 3746 3054 4219 4974 5235 4974 4219 3054 1601 62831 1601 5785 6200 7577 9168 10417 10983 10718 9692 8175 6638 1207 2300 3897 5250 6139 6442 6118 5211 3845 2246 9283 9154 10105 11647 13158 14125 14229 13435 12006 10419 3767 3311 2609 1819 1336 1674 2446 3183 3698 3902 4836 4753 5915 7514 8905 9718 9764 9032 7693 6092 2499 908 1163 2764 4173 5198 5717 5668 5057 3957 8671 8382 9225 10737 12277 13324 13548 12877 11524 9923 6641 5474 3931 2439 2192 3523 5111 6396 7141 7228 4999 4134 4683 6157 7716 8870 9352 9058 8051 6558 12506 12181 12887 14311 15897 17068 17378 16702 15308 13714 5555 3970 2605 2654 4056 5632 6873 7541 7522 6820 8459 7859 8435 9845 11431 12639 13095 12658 11463 9879 6618 5241 4886 5846 7417 8892 9847 10052 9459 8208 12062 11636 12261 13650 15244 16465 16862 16278 14941 13340 8837 7263 5820 5274 6045 7564 9097 10166 10501 10018 9160 8193 8337 9506 11099 12506 13274 13164 12212 10712 9275 7738 6851 7159 8456 10057 11374 12016 11802 10792 12246 11616 12039 13315 14916 16254 16841 16449 15230 13637 11061 9819 9509 10299 11783 13342 14433 14690 14023 12660 15400 15114 15790 17173 18769 19988 20304 19563 18114 16538 12750 11169 10054 9932 10867 12401 13922 14903 15005 14194 13617 12760 12897 13967 15531 17009 17852 17718 16664 15107 14480 13097 12467 12867 14118 15716 17077 17689 17301 16075 
4097 5134 6723 8161 9067 9243 8650 7417 5834 4433 1601 3054 4219 4974 5235 4974 4219 3054 1601 62831 6776 6825 7976 9570 10979 11779 11746 10889 9448 7863 2576 2827 4288 5847 7037 7635 7538 6762 5442 3845 10446 10086 10815 12268 13842 14981 15289 14657 13308 11707 2712 1793 1141 1524 2430 3272 3860 4106 3976 3488 6349 6038 6961 8515 10014 10995 11197 10567 9269 7670 3428 2188 2605 4130 5654 6779 7309 7160 6355 5026 10164 9733 10407 11838 13420 14592 14955 14383 13074 11473 5886 4481 2882 1884 2733 4325 5765 6748 7116 6813 6538 5736 6211 7616 9201 10423 10950 10647 9591 8061 13964 13514 14070 15401 17002 18287 18747 18179 16832 15233 5864 4292 3410 4036 5553 7086 8190 8634 8331 7340 10059 9442 9942 11292 12890 14160 14675 14259 13056 11467 7749 6533 6396 7436 9014 10473 11370 11461 10720 9349 13658 13191 13737 15067 16668 17955 18425 17876 16542 14941 8860 7260 6045 5941 7024 8611 10048 10913 10979 10230 10601 9728 9932 11105 12697 14107 14855 14684 13653 12114 9973 8542 7917 8464 9860 11450 12674 13151 12735 11554 13782 13204 13639 14903 16502 17854 18435 17997 16730 15130 12159 11051 10908 11802 13317 14855 15872 15999 15188 13737 16958 16711 17387 18755 20354 21589 21886 21086 19599 18042 13154 11635 10730 10864 11971 13549 15000 15815 15696 14688 14877 14147 14395 15522 17097 18550 19315 19054 17886 16298 15201 13946 13516 14093 15436 17036 18308 18746 18159 16800 
3748 4675 5142 5096 4542 3542 2204 662 945 2462 7151 6854 5929 4525 2926 1921 2750 4340 5785 6776 62831 1601 3054 4219 4974 5235 4974 4219 3054 1601 4599 3990 2999 1744 528 1309 2612 3704 4448 4758 3740 3368 4456 6054 7462 8341 8515 7949 6755 5187 9434 8465 6987 5417 4482 4909 6329 7908 9120 9670 3221 1696 311 1743 3262 4485 5277 5546 5261 4455 7472 6258 4687 3256 3004 4214 5815 7167 7973 8081 4838 3612 3729 5069 6662 7944 8626 8571 7789 6439 12426 11195 9604 8214 7687 8342 9789 11364 12526 12919 6401 4848 3369 2959 4074 5674 7066 7932 8110 7566 7905 7025 7333 8625 10226 11547 12191 11975 10960 9440 10690 9312 7713 6509 6394 7450 9030 10483 11368 11444 7026 5514 4796 5436 6924 8477 9605 10031 9654 8564 9668 8109 6631 5959 6560 8011 9582 10749 11194 10799 9133 7948 7794 8767 10323 11818 12766 12879 12124 10729 14048 12616 11030 9896 9750 10671 12201 13725 14718 14840 9849 8270 7209 7273 8419 10011 11426 12227 12182 11305 13113 11553 10071 9287 9612 10866 12467 13819 14473 14207 11285 9912 9369 9946 11336 12928 14154 14604 14125 12880 13214 11618 10412 10141 10948 12433 13992 15075 15307 14603 13598 12540 12428 13313 14816 16364 17393 17501 16643 15160 16884 15335 13833 12944 13038 14075 15628 17123 18004 17911 14488 13023 12228 12451 13591 15174 16612 17376 17162 16058 17456 15855 14563 14065 14559 15849 17450 18778 19301 18782 
3050 3467 3625 3498 3107 2528 1923 1610 1867 2458 6802 6136 4925 3368 1918 1991 3479 5021 6200 6825 1601 62831 1601 3054 4219 4974 5235 4974 4219 3054 5133 4029 2564 977 1185 2786 4211 5252 5784 5743 4472 3493 3990 5470 7024 8180 8688 8448 7506 6057 9537 8327 6748 5327 4868 5745 7298 8798 9804 10071 4732 3139 1873 2360 3915 5414 6503 7005 6844 6046 8268 6856 5260 4156 4391 5748 7340 8610 9253 9130 6271 4877 4514 5497 7075 8537 9478 9678 9094 7857 12690 11303 9706 8505 8305 9225 10763 12279 13270 13423 7813 6222 4857 4559 5587 7172 8619 9530 9695 9076 8935 7825 7788 8848 10425 11884 12759 12786 11957 10522 11529 10037 8479 7503 7667 8865 10463 11849 12593 12475 8623 7097 6268 6678 8041 9635 10897 11468 11195 10151 10994 9403 8012 7489 8157 9611 11183 12335 12721 12224 10549 9257 8881 9631 11104 12669 13783 14084 13473 12150 14897 13379 11843 10889 10959 12016 13582 15059 15924 15863 11426 9856 8810 8825 9893 11468 12930 13794 13782 12898 14379 12790 11380 10731 11158 12449 14050 15375 15955 15576 12860 11456 10817 11252 12547 14148 15470 16043 15655 14451 14733 13146 11985 11743 12533 14000 15569 16674 16899 16157 15064 13919 13655 14383 15806 17393 18559 18830 18085 16645 18146 16564 15125 14355 14553 15641 17206 18681 19494 19283 16088 14624 13809 13970 15039 16601 18083 18922 18755 17659 18942 17346 16104 15654 16160 17437 19037 20378 20889 20316 
3920 3636 3050 2264 1509 1351 1983 2796 3466 3861 7657 6677 5220 3637 2744 3478 5037 6531 7577 7976 3054 1601 62831 1601 3054 4219 4974 5235 4974 4219 6589 5310 3723 2381 2545 4001 5560 6759 7379 7319 4767 3360 3149 4367 5968 7318 8115 8208 7578 6346 10649 9296 7695 6451 6272 7287 8861 10329 11246 11363 6268 4697 3265 3007 4214 5815 7169 7977 8087 7480 9771 8301 6728 5733 5973 7268 8868 10185 10854 10703 7225 5684 4858 5376 6819 8392 9576 10076 9773 8738 13855 12381 10813 9761 9736 10751 12309 13799 14710 14731 9397 7812 6405 5915 6694 8208 9745 10817 11135 10616 9262 7933 7535 8316 9813 11363 12447 12739 12152 10861 13023 11495 9969 9071 9268 10450 12044 13446 14191 14032 9911 8334 7283 7356 8506 10099 11512 12308 12256 11371 12594 11004 9603 9013 9555 10932 12526 13768 14248 13808 11368 9938 9278 9738 11070 12670 13957 14504 14126 12950 16375 14826 13325 12441 12555 13615 15177 16659 17516 17406 12882 11293 10135 9948 10829 12345 13882 14907 15066 14302 15979 14388 12981 12308 12665 13891 15488 16868 17517 17174 14013 12526 11690 11881 13008 14589 16033 16817 16639 15571 16268 14672 13449 13080 13724 15109 16704 17927 18295 17652 15907 14616 14118 14612 15900 17501 18830 19354 18835 17508 19744 18159 16726 15944 16092 17115 18654 20168 21053 20882 17443 15927 14976 14945 15847 17343 18896 19916 19950 18981 20503 18903 17616 17068 17441 18611 20192 21627 22294 21835 
5496 5007 4027 2666 1078 737 2339 3763 4835 5436 9186 8101 6569 5050 4334 5021 6532 8070 9168 9570 4219 3054 1601 62831 1601 3054 4219 4974 5235 4974 8156 6909 5324 3938 3691 4829 6429 7821 8664 8784 4592 2995 2042 2887 4477 5923 6911 7276 6960 6013 12231 10848 9250 8045 7856 8799 10346 11852 12823 12964 7397 5915 4347 3484 4120 5638 7170 8272 8711 8398 11317 9875 8291 7201 7223 8343 9932 11359 12185 12169 7535 5934 4720 4720 5935 7536 8899 9669 9669 8899 15442 13952 12394 11362 11316 12279 13816 15333 16290 16332 10610 9066 7560 6775 7207 8569 10164 11426 11985 11685 8814 7332 6619 7138 8543 10129 11347 11847 11488 10372 14576 13067 11523 10549 10601 11654 13220 14697 15569 15523 10543 8942 7660 7358 8229 9758 11283 12306 12524 11872 13887 12324 10847 10064 10364 11590 13188 14563 15243 14987 11368 9830 8900 9064 10228 11820 13232 13998 13868 12885 17940 16404 14886 13941 13942 14888 16408 17943 18916 18915 13735 12134 10818 10356 10982 12384 13974 15182 15585 15037 17327 15758 14289 13467 13629 14704 16268 17746 18579 18416 14360 12797 11743 11657 12580 14101 15634 16628 16707 15842 17260 15660 14312 13723 14134 15375 16972 18343 18950 18526 15819 14394 13662 13921 15063 16643 18085 18835 18569 17406 21100 19542 18052 17135 17095 17947 19407 20982 22060 22109 18037 16461 15323 15040 15720 17105 18701 19917 20229 19487 21528 19934 18532 17778 17912 18892 20405 21946 22880 22707 
6967 6594 5616 4183 2588 1737 2781 4382 5769 6677 10711 9682 8164 6628 5780 6200 7580 9171 10417 10979 4974 4219 3054 1601 62831 1601 3054 4219 4974 5235 9328 8231 6692 5182 4487 5180 6690 8229 9327 9723 3967 2478 913 1313 2914 4324 5339 5836 5755 5106 13674 12348 10747 9459 9083 9828 11297 12864 13983 14287 7904 6602 5006 3695 3644 4904 6504 7836 8590 8614 12391 11048 9447 8182 7888 8745 10265 11798 12833 13053 7150 5596 4116 3605 4560 6141 7599 8554 8806 8305 16865 15419 13840 12712 12499 13297 14763 16333 17436 17642 11119 9675 8092 7007 7046 8184 9776 11194 12004 11977 7689 6128 5203 5574 6948 8539 9792 10379 10157 9179 15638 14202 12618 11481 11286 12127 13619 15174 16236 16413 10364 8795 7336 6685 7264 8694 10274 11463 11919 11515 14444 12952 11395 10380 10383 11405 12963 14453 15356 15352 10549 8960 7829 7763 8803 10375 11843 12736 12785 11974 19007 17536 15969 14870 14650 15395 16819 18406 19566 19804 13712 12139 10683 9950 10310 11575 13175 14522 15153 14846 17912 16408 14861 13837 13740 14611 16100 17658 18704 18804 13787 12189 10961 10643 11393 12851 14423 15551 15832 15162 17323 15754 14285 13463 13625 14702 16265 17744 18576 18412 14834 13330 12440 12546 13600 15160 16645 17508 17406 16381 21621 20148 18583 17472 17177 17799 19129 20731 22013 22378 17623 16022 14728 14221 14705 15985 17586 18923 19457 18947 21522 19981 18468 17494 17376 18154 19573 21164 22316 22463 
7960 7855 7057 5713 4113 2887 3140 4578 6146 7354 11742 10881 9438 7854 6771 6826 7981 9575 10983 11779 5235 4974 4219 3054 1601 62831 1601 3054 4219 4974 9818 8958 7538 5945 4845 5014 6308 7908 9223 9914 2964 1969 1070 1265 2253 3206 3904 4247 4191 3744 14491 13300 11713 10296 9655 10123 11453 13053 14342 14884 7699 6659 5166 3606 2851 3704 5279 6750 7749 8085 12671 11494 9914 8480 7849 8394 9790 11380 12604 13083 6135 4712 3116 2154 2958 4541 6001 7006 7386 7079 17597 16261 14661 13380 12922 13485 14827 16427 17701 18155 10792 9501 7902 6574 6237 7129 8673 10183 11186 11409 6143 4562 3606 4115 5594 7149 8304 8807 8555 7601 15828 14521 12920 11609 11138 11734 13112 14708 15943 16370 9417 7923 6365 5446 5805 7166 8760 10024 10620 10399 14077 12697 11100 9882 9609 10428 11922 13475 14546 14773 9133 7532 6306 6165 7212 8793 10247 11139 11230 10497 19127 17781 16181 14911 14440 14954 16250 17851 19173 19676 12819 11304 9765 8830 8990 10154 11746 13158 13925 13798 17492 16093 14500 13298 12964 13643 15047 16639 17835 18167 12485 10884 9563 9125 9811 11255 12832 13990 14346 13782 16431 14920 13378 12387 12367 13328 14860 16383 17341 17360 13308 11780 10849 10947 12027 13598 15064 15907 15819 14834 21036 19691 18092 16818 16304 16732 17949 19541 20937 21538 16376 14780 13401 12773 13168 14411 16009 17377 17995 17607 20487 19022 17453 16335 16056 16717 18084 19683 20922 21246 
8281 8510 7999 6846 5294 3810 3321 4328 5919 7355 11984 11365 10065 8465 7148 6804 7664 9194 10718 11746 4974 5235 4974 4219 3054 1601 62831 1601 3054 4219 9515 8939 7711 6128 4723 4348 5336 6916 8375 9312 1700 1742 2233 2830 3310 3563 3542 3251 2745 2146 14407 13404 11877 10350 9442 9615 10773 12363 13781 14548 6818 6079 4811 3231 1870 2181 3712 5231 6359 6916 12074 11090 9584 8037 7112 7360 8619 10220 11566 12250 4665 3390 1830 557 1861 3418 4685 5510 5793 5499 17342 16164 14576 13158 12458 12783 13986 15580 16977 17656 9715 8582 7027 5543 4908 5621 7129 8670 9764 10142 4646 3118 2580 3665 5265 6661 7547 7766 7278 6170 15076 13918 12338 10899 10199 10586 11863 13464 14801 15411 7941 6510 4919 3871 4224 5641 7219 8439 9020 8842 12911 11638 10040 8692 8232 8929 10386 11957 13100 13455 7540 5941 4776 4850 6101 7702 9045 9781 9740 8930 18246 17035 15441 14048 13384 13723 14923 16515 17917 18590 11344 9872 8302 7278 7389 8563 10158 11558 12331 12252 16242 14933 13331 12023 11548 12129 13495 15093 16341 16782 10884 9284 7966 7588 8384 9887 11433 12508 12786 12185 14935 13459 11893 10836 10770 11730 13268 14784 15744 15801 11780 10282 9455 9724 10942 12540 13919 14616 14394 13330 19647 18390 16790 15436 14817 15171 16359 17947 19362 20032 14778 13183 11800 11193 11652 12955 14556 15870 16424 16006 18924 17487 15906 14751 14455 15136 16527 18122 19331 19647 
7869 8431 8258 7382 5977 4379 3285 3663 5115 6680 11369 11005 9894 8341 6852 6139 6686 8112 9692 10889 4219 4974 5235 4974 4219 3054 1601 62831 1601 3054 8487 8175 7182 5708 4135 3259 3917 5446 6969 8058 502 1983 3308 4320 4911 5014 4618 3767 2556 1112 13450 12629 11193 9608 8493 8423 9439 11003 12485 13397 5421 4943 3980 2638 1061 686 2286 3697 4759 5357 10778 9948 8532 6938 5811 5861 7050 8649 10033 10809 3088 1806 489 1251 2600 3729 4505 4840 4695 4088 16205 15165 13617 12115 11247 11412 12529 14108 15556 16355 8175 7131 5629 4077 3311 4074 5626 7129 8173 8547 4033 2857 3195 4660 6219 7401 7972 7830 7000 5635 13657 12595 11048 9545 8720 9018 10268 11868 13223 13892 6371 4914 3330 2466 3291 4870 6336 7340 7701 7359 11331 10096 8506 7117 6632 7376 8869 10421 11519 11854 6406 4856 4042 4657 6155 7701 8825 9271 8942 7910 16744 15603 14025 12580 11836 12129 13322 14914 16317 17019 9776 8285 6725 5788 6099 7427 9026 10317 10945 10748 14644 13351 11750 10425 9957 10589 11999 13587 14787 15187 9569 7972 6796 6709 7773 9354 10805 11683 11741 10964 13382 11885 10331 9340 9409 10501 12079 13532 14370 14314 10849 9455 8882 9446 10836 12428 13655 14118 13662 12440 18054 16789 15189 13840 13258 13688 14947 16546 17901 18488 13413 11811 10512 10087 10755 12181 13765 14943 15308 14729 17442 15968 14402 13320 13158 13985 15459 17026 18108 18270 
