NAME: sphere_rect_cap_reg_nol_10x10
COMMENT: type = spherical_cap, neigh_ang = 0.0872664625997, neigh_size = 10
COMMENT: sphere_limit = 1.0471975512, rect_limit = [-1.0471975512, 0.785398163397, -0.785398163397, 1.0471975512]
TYPE: GTSP
DIMENSION: 100
GTSP_SETS: 10
EDGE_WEIGHT_TYPE: EXPLICIT
EDGE_WEIGHT_FORMAT: FULL_MATRIX
EDGE_WEIGHT_SECTION:
62831 538 1025 1411 1659 1745 1659 1411 1025 538 7572 7461 7707 8196 8724 9098 9193 8979 8525 7987 15130 14880 14960 15338 15870 16352 16602 16522 16143 15612 5274 4941 4966 5337 5870 6350 6620 6600 6297 5798 12583 12375 12507 12925 13463 13916 14116 13989 13583 13046 10276 9967 9992 10340 10865 11361 11648 11626 11301 10788 17594 17398 17529 17939 18475 18936 19140 19004 18583 18045 10256 9780 9554 9676 10093 10631 11084 11291 11180 10789 15260 15006 15080 15454 15984 16470 16724 16650 16275 15745 14982 14588 14487 14717 15190 15725 16117 16218 15989 15517 
538 62831 538 1025 1411 1659 1745 1659 1411 1025 7416 7266 7476 7948 8482 8880 9009 8827 8394 7855 14777 14508 14568 14932 15460 15950 16217 16158 15796 15269 5580 5209 5181 5511 6034 6534 6841 6863 6593 6112 12493 12258 12360 12759 13295 13763 13989 13891 13504 12971 10515 10181 10174 10497 11014 11522 11834 11840 11539 11036 17523 17300 17403 17793 18327 18802 19033 18926 18525 17989 10750 10268 10028 10133 10538 11075 11538 11759 11663 11281 15480 15202 15249 15603 16127 16624 16903 16856 16501 15975 15428 15023 14904 15117 15581 16117 16523 16642 16428 15964 
1025 538 62831 538 1025 1411 1659 1745 1659 1411 7003 6828 7015 7477 8013 8424 8573 8414 7996 7458 14253 13979 14034 14395 14923 15415 15685 15631 15273 14747 5610 5201 5115 5397 5906 6422 6766 6833 6605 6148 12115 11860 11943 12329 12862 13339 13582 13504 13132 12602 10442 10082 10042 10338 10845 11362 11699 11736 11461 10970 17149 16908 16991 17368 17899 18383 18632 18545 18159 17625 11034 10540 10274 10349 10732 11266 11743 11990 11921 11560 15370 15069 15088 15420 15938 16445 16747 16728 16395 15876 15613 15190 15044 15231 15680 16218 16642 16788 16600 16151 
1411 1025 538 62831 538 1025 1411 1659 1745 1659 6467 6289 6478 6941 7477 7886 8034 7877 7462 6925 13755 13492 13560 13932 14463 14948 15206 15139 14773 14245 5357 4917 4782 5026 5520 6045 6416 6520 6328 5895 11584 11326 11406 11790 12324 12801 13046 12971 12602 12074 10080 9703 9638 9916 10416 10938 11290 11349 11093 10613 16618 16373 16454 16830 17361 17845 18096 18013 17630 17097 11010 10503 10208 10250 10610 11138 11629 11903 11865 11527 14973 14656 14657 14976 15489 16001 16317 16316 15998 15486 15467 15027 14855 15017 15450 15989 16428 16600 16439 16005 
1659 1411 1025 538 62831 538 1025 1411 1659 1745 6007 5855 6073 6552 7084 7474 7598 7418 6990 6451 13476 13236 13330 13722 14256 14729 14964 14872 14488 13956 4889 4433 4274 4501 4990 5518 5897 6017 5844 5426 11100 10855 10951 11348 11884 12352 12583 12493 12115 11585 9555 9173 9103 9378 9877 10400 10754 10816 10566 10089 16134 15901 15996 16383 16916 17393 17630 17533 17141 16607 10685 10170 9854 9870 10212 10736 11235 11528 11513 11195 14438 14119 14119 14437 14951 15462 15778 15779 15463 14952 15045 14595 14407 14554 14978 15517 15964 16151 16005 15583 
1745 1659 1411 1025 538 62831 538 1025 1411 1659 5827 5724 5988 6487 7009 7368 7451 7234 6781 6243 13527 13313 13436 13847 14384 14843 15052 14932 14528 13992 4353 3901 3757 4007 4506 5028 5392 5496 5312 4890 10855 10636 10762 11179 11717 12171 12375 12258 11861 11326 9060 8688 8636 8927 9434 9952 10292 10338 10075 9591 15878 15669 15790 16195 16731 17195 17407 17285 16875 16338 10173 9655 9331 9340 9678 10200 10701 10999 10991 10680 13968 13661 13677 14010 14528 15034 15336 15320 14993 14477 14507 14057 13869 14017 14444 14982 15428 15613 15467 15045 
1659 1745 1659 1411 1025 538 62831 538 1025 1411 6017 5962 6264 6777 7289 7619 7663 7410 6936 6401 13886 13692 13835 14258 14797 15245 15435 15295 14877 14339 3962 3542 3461 3770 4290 4794 5118 5174 4949 4501 10952 10763 10919 11355 11894 12331 12507 12361 11944 11406 8795 8448 8431 8752 9269 9776 10091 10106 9817 9321 15948 15765 15914 16337 16876 17324 17510 17359 16932 16393 9660 9145 8832 8856 9207 9733 10228 10513 10491 10170 13745 13460 13504 13858 14384 14879 15158 15115 14767 14244 14057 13616 13445 13611 14049 14588 15023 15190 15027 14595 
1411 1659 1745 1659 1411 1025 538 62831 538 1025 6482 6450 6768 7286 7792 8109 8136 7864 7379 6848 14412 14224 14371 14796 15334 15781 15968 15822 15401 14862 3920 3554 3557 3926 4460 4939 5213 5212 4934 4453 11349 11180 11355 11802 12340 12766 12925 12760 12330 11791 8877 8560 8580 8929 9455 9950 10238 10219 9902 9394 16318 16154 16321 16756 17295 17733 17900 17729 17288 16750 9351 8846 8559 8616 8992 9524 10005 10264 10213 9870 13856 13597 13669 14044 14575 15059 15313 15243 14873 14344 13869 13445 13301 13495 13949 14487 14904 15044 14855 14407 
1025 1411 1659 1745 1659 1411 1025 538 62831 538 7018 6978 7287 7802 8312 8637 8670 8402 7918 7386 14905 14705 14839 15254 15792 16247 16447 16314 15899 15361 4252 3930 3985 4384 4922 5385 5629 5589 5275 4774 11884 11718 11894 12340 12878 13305 13463 13296 12863 12325 9270 8973 9016 9381 9911 10398 10669 10630 10294 9778 16846 16688 16858 17294 17833 18269 18433 18258 17814 17275 9378 8887 8632 8727 9128 9664 10129 10358 10274 9905 14258 14016 14105 14492 15026 15502 15742 15653 15270 14738 14017 13611 13495 13714 14182 14717 15117 15231 15017 14554 
538 1025 1411 1659 1745 1659 1411 1025 538 62831 7424 7355 7637 8141 8661 9007 9067 8820 8347 7812 15179 14955 15063 15461 15996 16466 16689 16581 16183 15647 4777 4465 4524 4920 5457 5922 6167 6123 5802 5296 12353 12171 12331 12766 13305 13742 13916 13763 13340 12802 9805 9511 9555 9919 10448 10936 11207 11167 10829 10312 17335 17164 17320 17747 18285 18731 18909 18746 18309 17771 9729 9250 9019 9138 9554 10092 10546 10755 10648 10261 14794 14554 14644 15031 15564 16041 16280 16190 15805 15272 14444 14049 13949 14182 14657 15190 15581 15680 15450 14978 
7572 7416 7003 6467 6007 5827 6017 6482 7018 7424 62831 538 1025 1411 1659 1745 1659 1411 1025 538 8298 8248 8543 9051 9567 9904 9948 9684 9200 8669 5615 5221 4690 4212 4010 4200 4673 5206 5606 5755 5151 4862 4944 5352 5890 6348 6578 6515 6176 5662 6449 5911 5494 5392 5660 6162 6682 7038 7118 6901 10170 9908 9989 10377 10912 11386 11628 11554 11190 10663 11248 10749 10225 9882 9865 10181 10695 11206 11525 11540 10012 9541 9324 9458 9882 10420 10868 11064 10944 10547 13295 12756 12321 12163 12345 12794 13332 13756 13907 13733 
7461 7266 6828 6289 5855 5724 5962 6450 6978 7355 538 62831 538 1025 1411 1659 1745 1659 1411 1025 8144 8057 8321 8817 9342 9703 9779 9545 9078 8542 5929 5505 4968 4517 4368 4603 5094 5621 5996 6109 5435 5104 5131 5501 6034 6515 6785 6764 6459 5959 6986 6448 6032 5929 6191 6689 7212 7573 7657 7439 10415 10127 10176 10542 11071 11559 11827 11782 11439 10920 11703 11197 10678 10349 10348 10675 11193 11700 12008 12009 10508 10030 9799 9915 10327 10865 11322 11534 11428 11041 13832 13293 12859 12701 12883 13331 13869 14293 14446 14271 
7707 7476 7015 6478 6073 5988 6264 6768 7287 7637 1025 538 62831 538 1025 1411 1659 1745 1659 1411 7731 7619 7863 8351 8880 9255 9352 9138 8684 8146 6446 6014 5475 5035 4900 5141 5633 6159 6532 6637 5443 5068 5036 5363 5885 6386 6695 6720 6455 5976 7449 6911 6479 6347 6579 7064 7594 7975 8085 7890 10349 10033 10048 10389 10912 11412 11707 11692 11374 10864 12240 11735 11216 10885 10879 11201 11717 12225 12539 12544 10795 10304 10047 10132 10523 11058 11530 11769 11690 11322 14293 13755 13312 13137 13302 13739 14277 14713 14883 14723 
8196 7948 7477 6941 6552 6487 6777 7286 7802 8141 1411 1025 538 62831 538 1025 1411 1659 1745 1659 7194 7081 7326 7814 8342 8717 8814 8602 8151 7612 6953 6530 5992 5542 5385 5601 6081 6612 7002 7128 5171 4762 4681 4972 5484 5997 6334 6396 6166 5709 7684 7146 6691 6516 6706 7170 7705 8114 8261 8101 9993 9657 9648 9972 10489 10996 11308 11316 11017 10515 12657 12159 11635 11288 11260 11562 12071 12587 12918 12944 10774 10271 9984 10036 10403 10934 11420 11686 11639 11294 14507 13970 13512 13311 13448 13868 14406 14857 15053 14920 
8724 8482 8013 7477 7084 7009 7289 7792 8312 8661 1659 1411 1025 538 62831 538 1025 1411 1659 1745 6735 6646 6916 7416 7938 8294 8368 8138 7676 7139 7273 6873 6339 5868 5668 5840 6297 6833 7250 7413 4692 4266 4163 4442 4951 5466 5812 5888 5675 5231 7617 7085 6607 6389 6536 6976 7514 7947 8130 8008 9470 9128 9114 9434 9951 10459 10773 10786 10493 9994 12802 12316 11786 11416 11356 11633 12130 12654 13008 13064 10454 9941 9632 9658 10008 10534 11029 11315 11291 10966 14394 13859 13387 13160 13269 13671 14207 14673 14894 14788 
9098 8880 8424 7886 7474 7368 7619 8109 8637 9007 1745 1659 1411 1025 538 62831 538 1025 1411 1659 6552 6508 6816 7331 7841 8166 8203 7940 7459 6926 7308 6939 6413 5920 5672 5792 6220 6759 7202 7406 4158 3740 3657 3961 4479 4986 5313 5371 5146 4697 7271 6745 6252 6001 6116 6539 7077 7525 7733 7639 8972 8641 8644 8980 9502 10003 10303 10300 9996 9492 12623 12151 11616 11225 11136 11387 11874 12403 12777 12860 9943 9427 9110 9129 9474 9999 10496 10786 10770 10452 13996 13464 12982 12738 12829 13219 13754 14228 14464 14376 
9193 9009 8573 8034 7598 7451 7663 8136 8670 9067 1659 1745 1659 1411 1025 538 62831 538 1025 1411 6735 6734 7075 7600 8097 8393 8394 8098 7601 7076 7048 6709 6194 5684 5395 5471 5872 6409 6872 7108 3787 3409 3396 3756 4289 4772 5054 5063 4796 4323 6753 6230 5731 5471 5579 6000 6539 6987 7200 7113 8700 8396 8434 8796 9326 9814 10087 10054 9725 9211 12185 11721 11185 10781 10674 10911 11391 11923 12308 12406 9429 8916 8609 8643 9001 9529 10020 10297 10268 9941 13460 12930 12446 12200 12291 12681 13216 13689 13926 13839 
8979 8827 8414 7877 7418 7234 7410 7864 8402 8820 1411 1659 1745 1659 1411 1025 538 62831 538 1025 7194 7215 7570 8099 8590 8872 8853 8540 8035 7516 6571 6250 5744 5225 4913 4965 5355 5891 6361 6612 3777 3461 3533 3947 4485 4938 5169 5119 4801 4300 6247 5720 5229 4989 5125 5565 6103 6536 6727 6620 8774 8502 8578 8966 9501 9974 10219 10152 9796 9273 11646 11183 10646 10242 10137 10377 10860 11391 11772 11868 9115 8613 8333 8400 8783 9317 9794 10044 9985 9636 12991 12458 11981 11750 11858 12261 12798 13262 13483 13380 
8525 8394 7996 7462 6990 6781 6936 7379 7918 8347 1025 1411 1659 1745 1659 1411 1025 538 62831 538 7730 7746 8095 8621 9116 9404 9390 9079 8573 8054 6037 5712 5205 4687 4380 4446 4848 5385 5847 6086 4134 3865 3984 4422 4960 5395 5596 5509 5158 4641 5967 5432 4963 4773 4963 5432 5966 6370 6518 6370 9162 8912 9010 9414 9950 10414 10640 10551 10178 9650 11212 10740 10205 9814 9731 9992 10484 11011 11376 11452 9138 8650 8404 8509 8917 9455 9914 10134 10042 9667 12770 12234 11771 11566 11704 12126 12665 13113 13308 13178 
7987 7855 7458 6925 6451 6243 6401 6848 7386 7812 538 1025 1411 1659 1745 1659 1411 1025 538 62831 8144 8133 8459 8978 9483 9792 9802 9509 9012 8487 5658 5305 4787 4281 4015 4135 4572 5110 5546 5746 4666 4403 4521 4954 5493 5931 6134 6045 5688 5168 6048 5509 5070 4936 5179 5672 6198 6569 6674 6481 9696 9449 9549 9952 10488 10953 11178 11088 10712 10182 11058 10571 10041 9674 9625 9915 10420 10939 11280 11325 9487 9012 8790 8920 9343 9882 10330 10529 10413 10020 12887 12349 11903 11726 11892 12332 12871 13303 13471 13314 
15130 14777 14253 13755 13476 13527 13886 14412 14905 15179 8298 8144 7731 7194 6735 6552 6735 7194 7730 8144 62831 538 1025 1411 1659 1745 1659 1411 1025 538 13763 13441 12929 12416 12103 12116 12450 12969 13474 13775 5864 5497 4973 4476 4230 4369 4814 5352 5780 5967 11917 11542 11013 10526 10277 10371 10768 11303 11772 12003 6348 5810 5381 5262 5515 6011 6535 6901 6995 6791 17965 17620 17097 16597 16308 16338 16676 17196 17700 17995 11331 10848 10316 9944 9887 10169 10670 11192 11540 11592 16854 16461 15926 15454 15223 15322 15713 16247 16721 16954 
14880 14508 13979 13492 13236 13313 13692 14224 14705 14955 8248 8057 7619 7081 6646 6508 6734 7215 7746 8133 538 62831 538 1025 1411 1659 1745 1659 1411 1025 13782 13438 12917 12414 12127 12171 12527 13054 13548 13824 6182 5784 5251 4777 4579 4764 5231 5766 6171 6324 12191 11797 11263 10789 10566 10687 11101 11639 12095 12303 6886 6347 5920 5799 6045 6538 7064 7435 7533 7330 18225 17861 17332 16842 16575 16630 16987 17512 18007 18281 11804 11314 10786 10425 10382 10675 11180 11699 12038 12078 17309 16905 16369 15904 15687 15800 16200 16736 17204 17423 
14960 14568 14034 13560 13330 13436 13835 14371 14839 15063 8543 8321 7863 7326 6916 6816 7075 7570 8095 8459 1025 538 62831 538 1025 1411 1659 1745 1659 1411 14118 13755 13229 12736 12469 12536 12909 13439 13924 14182 6701 6293 5758 5293 5108 5301 5770 6304 6707 6853 12687 12285 11749 11282 11070 11202 11621 12160 12611 12810 7348 6810 6367 6217 6433 6911 7443 7835 7959 7779 18710 18336 17805 17321 17065 17131 17495 18023 18514 18779 12338 11849 11320 10956 10907 11193 11695 12216 12562 12608 17847 17444 16908 16442 16224 16333 16730 17265 17735 17959 
15338 14932 14395 13932 13722 13847 14258 14796 15254 15461 9051 8817 8351 7814 7416 7331 7600 8099 8621 8978 1411 1025 538 62831 538 1025 1411 1659 1745 1659 14637 14269 13740 13251 12991 13064 13441 13973 14455 14708 7206 6809 6275 5802 5598 5766 6221 6758 7177 7343 13212 12814 12279 11809 11590 11712 12125 12663 13120 13328 7582 7046 6581 6388 6561 7015 7552 7971 8133 7988 19241 18870 18339 17854 17593 17653 18011 18537 19032 19303 12733 12253 11720 11340 11268 11533 12025 12552 12915 12984 18262 17872 17337 16864 16628 16718 17100 17632 18113 18355 
15870 15460 14923 14463 14256 14384 14797 15334 15792 15996 9567 9342 8880 8342 7938 7841 8097 8590 9116 9483 1659 1411 1025 538 62831 538 1025 1411 1659 1745 15142 14780 14254 13761 13492 13553 13921 14450 14938 15202 7523 7150 6622 6132 5889 6013 6442 6980 7423 7624 13568 13185 12653 12173 11932 12030 12427 12962 13432 13661 7516 6987 6500 6263 6391 6821 7359 7801 8000 7894 19612 19257 18731 18237 17958 17995 18336 18855 19360 19652 12845 12379 11843 11441 11337 11574 12054 12586 12971 13069 18392 18022 17492 17006 16744 16806 17168 17694 18187 18456 
16352 15950 15415 14948 14729 14843 15245 15781 16247 16466 9904 9703 9255 8717 8294 8166 8393 8872 9404 9792 1745 1659 1411 1025 538 62831 538 1025 1411 1659 15441 15097 14576 14074 13784 13821 14169 14692 15191 15476 7552 7211 6695 6187 5899 5972 6369 6906 7372 7612 13625 13264 12738 12244 11976 12044 12419 12950 13433 13690 7169 6648 6147 5878 5973 6384 6922 7378 7602 7524 19674 19343 18825 18319 18015 18023 18340 18851 19365 19683 12634 12183 11645 11225 11093 11304 11770 12306 12709 12833 18184 17835 17311 16813 16528 16564 16906 17426 17929 18220 
16602 16217 15685 15206 14964 15052 15435 15968 16447 16689 9948 9779 9352 8814 8368 8203 8394 8853 9390 9802 1659 1745 1659 1411 1025 538 62831 538 1025 1411 15421 15101 14588 14076 13762 13769 14094 14610 15119 15428 7285 6975 6472 5951 5626 5655 6023 6555 7038 7309 13363 13022 12502 11998 11707 11748 12104 12630 13124 13402 6651 6134 5627 5348 5436 5845 6383 6841 7068 6998 19402 19093 18582 18068 17742 17725 18022 18524 19045 19383 12176 11735 11196 10765 10617 10815 11275 11812 12223 12361 17722 17384 16864 16361 16063 16085 16417 16934 17441 17743 
16522 16158 15631 15139 14872 14932 15295 15822 16314 16581 9684 9545 9138 8602 8138 7940 8098 8540 9079 9509 1411 1659 1745 1659 1411 1025 538 62831 538 1025 15091 14790 14284 13765 13432 13416 13724 14233 14749 15075 6804 6512 6019 5492 5145 5152 5507 6037 6525 6809 12877 12546 12030 11521 11218 11247 11594 12119 12616 12903 6145 5623 5124 4864 4981 5410 5948 6390 6596 6506 18906 18607 18100 17583 17248 17219 17508 18007 18531 18876 11639 11196 10658 10228 10083 10286 10749 11285 11693 11826 17185 16846 16326 15823 15527 15552 15888 16407 16912 17210 
16143 15796 15273 14773 14488 14528 14877 15401 15899 16183 9200 9078 8684 8151 7676 7459 7601 8035 8573 9012 1025 1411 1659 1745 1659 1411 1025 538 62831 538 14574 14280 13778 13257 12916 12893 13195 13703 14219 14551 6272 5975 5481 4954 4612 4631 4999 5532 6013 6286 12347 12012 11495 10988 10689 10725 11079 11605 12099 12380 5865 5333 4854 4645 4817 5278 5814 6227 6389 6256 18381 18077 17569 17052 16722 16701 16997 17500 18020 18359 11227 10773 10235 9819 9697 9922 10398 10931 11322 11434 16778 16425 15900 15403 15124 15169 15520 16045 16542 16823 
15612 15269 14747 14245 13956 13992 14339 14862 15361 15647 8669 8542 8146 7612 7139 6926 7076 7516 8054 8487 538 1025 1411 1659 1745 1659 1411 1025 538 62831 14066 13765 13260 12741 12407 12394 12707 13218 13732 14054 5900 5574 5066 4549 4244 4314 4720 5258 5716 5952 11977 11625 11103 10603 10325 10385 10759 11290 11774 12033 5946 5409 4959 4807 5033 5520 6048 6430 6548 6370 18024 17702 17187 16677 16364 16365 16680 17191 17705 18025 11108 10638 10102 9708 9620 9877 10367 10895 11263 11343 16652 16278 15747 15262 15007 15080 15454 15984 16469 16725 
5274 5580 5610 5357 4889 4353 3962 3920 4252 4777 5615 5929 6446 6953 7273 7308 7048 6571 6037 5658 13763 13782 14118 14637 15142 15441 15421 15091 14574 14066 62831 538 1025 1411 1659 1745 1659 1411 1025 538 9038 9073 9431 9959 10450 10727 10696 10367 9853 9342 5066 4829 4970 5413 5951 6381 6568 6458 6083 5557 13509 13495 13805 14315 14829 15155 15168 14864 14358 13840 6343 5805 5371 5245 5491 5984 6510 6880 6980 6782 10050 9845 9989 10419 10958 11400 11588 11456 11050 10514 10200 9733 9524 9664 10092 10631 11075 11266 11138 10736 
4941 5209 5201 4917 4433 3901 3542 3554 3930 4465 5221 5505 6014 6530 6873 6939 6709 6250 5712 5305 13441 13438 13755 14269 14780 15097 15101 14790 14280 13765 538 62831 538 1025 1411 1659 1745 1659 1411 1025 8913 8912 9243 9764 10267 10572 10573 10270 9767 9246 5339 5056 5142 5551 6089 6546 6774 6707 6364 5848 13515 13472 13756 14256 14779 15127 15169 14890 14394 13869 6881 6342 5910 5781 6020 6510 7037 7413 7518 7321 10329 10097 10211 10621 11159 11618 11832 11727 11340 10807 10701 10228 10005 10129 10546 11084 11538 11743 11629 11235 
4966 5181 5115 4782 4274 3757 3461 3557 3985 4524 4690 4968 5475 5992 6339 6413 6194 5744 5205 4787 12929 12917 13229 13740 14254 14576 14588 14284 13778 13260 1025 538 62831 538 1025 1411 1659 1745 1659 1411 8518 8492 8805 9320 9830 10151 10174 9891 9398 8871 5335 5003 5031 5402 5935 6415 6684 6663 6358 5859 13209 13142 13407 13898 14425 14790 14855 14597 14112 13581 7341 6803 6356 6197 6406 6880 7413 7810 7941 7767 10301 10039 10120 10508 11042 11517 11759 11685 11321 10794 10999 10513 10264 10358 10755 11291 11759 11990 11903 11528 
5337 5511 5397 5026 4501 4007 3770 3926 4384 4920 4212 4517 5035 5542 5868 5920 5684 5225 4687 4281 12416 12414 12736 13251 13761 14074 14076 13765 13257 12741 1411 1025 538 62831 538 1025 1411 1659 1745 1659 7984 7955 8267 8781 9292 9614 9640 9361 8871 8343 5054 4684 4663 5003 5529 6024 6323 6339 6068 5587 12703 12626 12884 13372 13901 14271 14345 14096 13615 13083 7571 7037 6567 6365 6530 6980 7518 7941 8110 7972 9976 9691 9746 10117 10648 11133 11395 11345 11000 10479 10991 10491 10213 10274 10648 11180 11663 11921 11865 11513 
5870 6034 5906 5520 4990 4506 4290 4460 4922 5457 4010 4368 4900 5385 5668 5672 5395 4913 4380 4015 12103 12127 12469 12991 13492 13784 13762 13432 12916 12407 1659 1411 1025 538 62831 538 1025 1411 1659 1745 7511 7502 7832 8354 8856 9161 9169 8877 8380 7855 4571 4183 4141 4470 4995 5493 5801 5831 5577 5107 12185 12117 12384 12877 13404 13766 13830 13574 13090 12559 7501 6974 6483 6238 6358 6782 7321 7767 7972 7874 9464 9171 9218 9584 10114 10601 10869 10827 10488 9971 10680 10170 9870 9905 10261 10789 11281 11560 11527 11195 
6350 6534 6422 6045 5518 5028 4794 4939 5385 5922 4200 4603 5141 5601 5840 5792 5471 4965 4446 4135 12116 12171 12536 13064 13553 13821 13769 13416 12893 12394 1745 1659 1411 1025 538 62831 538 1025 1411 1659 7296 7327 7689 8219 8707 8982 8955 8635 8126 7610 4038 3660 3643 3996 4527 5014 5302 5314 5048 4574 11855 11813 12102 12606 13126 13469 13509 13232 12739 12212 7151 6632 6128 5851 5938 6343 6881 7341 7571 7501 8951 8668 8730 9108 9641 10120 10376 10321 9975 9454 10173 9660 9351 9378 9729 10256 10750 11034 11010 10685 
6620 6841 6766 6416 5897 5392 5118 5213 5629 6167 4673 5094 5633 6081 6297 6220 5872 5355 4848 4572 12450 12527 12909 13441 13921 14169 14094 13724 13195 12707 1659 1745 1659 1411 1025 538 62831 538 1025 1411 7441 7513 7903 8438 8910 9155 9093 8744 8224 7721 3677 3346 3401 3806 4344 4802 5043 5006 4699 4204 11849 11838 12153 12666 13178 13497 13508 13206 12701 12182 6632 6117 5608 5321 5401 5805 6342 6803 7037 6974 8643 8387 8482 8883 9420 9884 10113 10029 9661 9134 9655 9145 8846 8887 9250 9780 10268 10540 10503 10170 
6600 6863 6833 6520 6017 5496 5174 5212 5589 6123 5206 5621 6159 6612 6833 6759 6409 5891 5385 5110 12969 13054 13439 13973 14450 14692 14610 14233 13703 13218 1411 1659 1745 1659 1411 1025 538 62831 538 1025 7878 7973 8376 8913 9376 9603 9521 9155 8629 8135 3683 3422 3560 4011 4548 4971 5158 5062 4707 4189 12168 12181 12515 13035 13539 13840 13828 13506 12993 12481 6128 5608 5105 4839 4947 5371 5910 6356 6567 6483 8674 8452 8584 9010 9548 9994 10192 10075 9682 9149 9331 8832 8559 8632 9019 9554 10028 10274 10208 9854 
6297 6593 6605 6328 5844 5312 4949 4934 5275 5802 5606 5996 6532 7002 7250 7202 6872 6361 5847 5546 13474 13548 13924 14455 14938 15191 15119 14749 14219 13732 1025 1411 1659 1745 1659 1411 1025 538 62831 538 8417 8509 8910 9446 9912 10142 10059 9692 9166 8674 4053 3841 4022 4492 5025 5429 5585 5453 5067 4537 12683 12704 13043 13564 14067 14362 14341 14012 13496 12987 5851 5321 4839 4622 4787 5245 5781 6197 6365 6238 9030 8834 8991 9431 9969 10403 10579 10438 10028 9492 9340 8856 8616 8727 9138 9676 10133 10349 10250 9870 
5798 6112 6148 5895 5426 4890 4501 4453 4774 5296 5755 6109 6637 7128 7413 7406 7108 6612 6086 5746 13775 13824 14182 14708 15202 15476 15428 15075 14551 14054 538 1025 1411 1659 1745 1659 1411 1025 538 62831 8853 8922 9306 9840 10316 10566 10503 10150 9628 9128 4587 4379 4557 5022 5557 5966 6124 5989 5598 5067 13193 13204 13534 14052 14558 14863 14852 14530 14016 13505 5938 5401 4947 4787 5007 5491 6020 6406 6530 6358 9558 9368 9529 9969 10508 10940 11113 10967 10553 10016 9678 9207 8992 9128 9554 10093 10538 10732 10610 10212 
12583 12493 12115 11584 11100 10855 10952 11349 11884 12353 5151 5435 5443 5171 4692 4158 3787 3777 4134 4666 5864 6182 6701 7206 7523 7552 7285 6804 6272 5900 9038 8913 8518 7984 7511 7296 7441 7878 8417 8853 62831 538 1025 1411 1659 1745 1659 1411 1025 538 6078 5742 5230 4717 4425 4508 4920 5458 5913 6141 5034 4815 4976 5430 5967 6387 6558 6433 6046 5516 12123 11807 11297 10782 10464 10476 10813 11334 11836 12134 6422 5883 5447 5315 5555 6046 6573 6947 7052 6858 11491 11023 10488 10090 9996 10246 10734 11263 11636 11723 
12375 12258 11860 11326 10855 10636 10763 11180 11718 12171 4862 5104 5068 4762 4266 3740 3409 3461 3865 4403 5497 5784 6293 6809 7150 7211 6975 6512 5975 5574 9073 8912 8492 7955 7502 7327 7513 7973 8509 8922 538 62831 538 1025 1411 1659 1745 1659 1411 1025 6420 6053 5529 5033 4783 4911 5348 5886 6322 6519 5313 5047 5154 5576 6115 6562 6775 6691 6335 5815 12468 12132 11615 11108 10811 10848 11202 11729 12223 12502 6960 6422 5986 5850 6083 6569 7098 7478 7589 7397 11999 11526 10992 10602 10517 10774 11264 11792 12161 12239 
12507 12360 11943 11406 10951 10762 10919 11355 11894 12331 4944 5131 5036 4681 4163 3657 3396 3533 3984 4521 4973 5251 5758 6275 6622 6695 6472 6019 5481 5066 9431 9243 8805 8267 7832 7689 7903 8376 8910 9306 1025 538 62831 538 1025 1411 1659 1745 1659 1411 6945 6570 6042 5553 5314 5449 5886 6425 6860 7052 5315 5000 5048 5434 5969 6441 6696 6659 6340 5834 12991 12649 12129 11625 11335 11379 11737 12264 12757 13032 7414 6877 6426 6260 6462 6931 7466 7867 8005 7836 12516 12047 11511 11115 11020 11266 11750 12280 12658 12747 
12925 12759 12329 11790 11348 11179 11355 11802 12340 12766 5352 5501 5363 4972 4442 3961 3756 3947 4422 4954 4476 4777 5293 5802 6132 6187 5951 5492 4954 4549 9959 9764 9320 8781 8354 8219 8438 8913 9446 9840 1411 1025 538 62831 538 1025 1411 1659 1745 1659 7441 7078 6554 6057 5800 5910 6330 6868 7318 7530 5040 4686 4685 5040 5570 6058 6343 6344 6058 5570 13491 13157 12640 12132 11833 11863 12210 12735 13232 13519 7633 7100 6627 6419 6576 7022 7560 7987 8162 8031 12849 12392 11854 11442 11321 11542 12014 12548 12944 13058 
13463 13295 12862 12324 11884 11717 11894 12340 12878 13305 5890 6034 5885 5484 4951 4479 4289 4485 4960 5493 4230 4579 5108 5598 5889 5899 5626 5145 4612 4244 10450 10267 9830 9292 8856 8707 8910 9376 9912 10316 1659 1411 1025 538 62831 538 1025 1411 1659 1745 7737 7400 6886 6375 6082 6147 6537 7073 7544 7790 4561 4186 4164 4508 5037 5529 5824 5840 5572 5095 13780 13466 12956 12441 12121 12124 12450 12967 13475 13784 7551 7025 6532 6281 6394 6814 7352 7802 8013 7920 12879 12438 11900 11468 11316 11507 11963 12500 12917 13060 
13916 13763 13339 12801 12352 12171 12331 12766 13305 13742 6348 6515 6386 5997 5466 4986 4772 4938 5395 5931 4369 4764 5301 5766 6013 5972 5655 5152 4631 4314 10727 10572 10151 9614 9161 8982 9155 9603 10142 10566 1745 1659 1411 1025 538 62831 538 1025 1411 1659 7740 7437 6937 6414 6080 6095 6450 6979 7469 7752 4027 3662 3663 4030 4564 5044 5320 5319 5041 4560 13754 13465 12965 12442 12097 12070 12371 12879 13396 13728 7192 6675 6168 5887 5967 6369 6906 7369 7603 7538 12594 12169 11631 11183 11006 11173 11615 12154 12585 12751 
14116 13989 13582 13046 12583 12375 12507 12925 13463 13916 6578 6785 6695 6334 5812 5313 5054 5169 5596 6134 4814 5231 5770 6221 6442 6369 6023 5507 4999 4720 10696 10573 10174 9640 9169 8955 9093 9521 10059 10503 1659 1745 1659 1411 1025 538 62831 538 1025 1411 7450 7178 6694 6162 5796 5767 6092 6613 7116 7427 3659 3342 3414 3831 4369 4820 5049 5000 4682 4182 13422 13153 12663 12134 11771 11719 12001 12501 13023 13373 6670 6155 5645 5355 5429 5830 6367 6830 7067 7008 12098 11681 11143 10688 10500 10657 11094 11633 12069 12244 
13989 13891 13504 12971 12493 12258 12361 12760 13296 13763 6515 6764 6720 6396 5888 5371 5063 5119 5509 6045 5352 5766 6304 6758 6980 6906 6555 6037 5532 5258 10367 10270 9891 9361 8877 8635 8744 9155 9692 10150 1411 1659 1745 1659 1411 1025 538 62831 538 1025 6956 6701 6228 5693 5308 5259 5571 6089 6596 6917 3655 3410 3565 4025 4561 4976 5150 5042 4677 4155 12905 12644 12159 11628 11257 11197 11472 11970 12494 12848 6171 5651 5147 4878 4983 5405 5943 6391 6605 6524 11573 11152 10614 10162 9981 10149 10592 11131 11560 11727 
13583 13504 13132 12602 12115 11861 11944 12330 12863 13340 6176 6459 6455 6166 5675 5146 4796 4801 5158 5688 5780 6171 6707 7177 7423 7372 7038 6525 6013 5716 9853 9767 9398 8871 8380 8126 8224 8629 9166 9628 1025 1411 1659 1745 1659 1411 1025 538 62831 538 6429 6167 5691 5157 4778 4742 5070 5593 6093 6402 4019 3824 4023 4502 5033 5427 5569 5423 5027 4495 12397 12128 11639 11110 10746 10696 10983 11486 12007 12351 5907 5377 4893 4674 4835 5291 5828 6246 6417 6292 11223 10787 10248 9811 9656 9850 10309 10846 11258 11400 
13046 12971 12602 12074 11585 11326 11406 11791 12325 12802 5662 5959 5976 5709 5231 4697 4323 4300 4641 5168 5967 6324 6853 7343 7624 7612 7309 6809 6286 5952 9342 9246 8871 8343 7855 7610 7721 8135 8674 9128 538 1025 1411 1659 1745 1659 1411 1025 538 62831 6082 5788 5295 4767 4422 4439 4807 5340 5821 6094 4552 4363 4559 5034 5566 5964 6108 5958 5556 5022 12096 11805 11306 10783 10438 10417 10728 11240 11753 12076 6008 5471 5015 4851 5067 5548 6079 6467 6595 6426 11191 10737 10199 9783 9662 9888 10364 10897 11288 11399 
10276 10515 10442 10080 9555 9060 8795 8877 9270 9805 6449 6986 7449 7684 7617 7271 6753 6247 5967 6048 11917 12191 12687 13212 13568 13625 13363 12877 12347 11977 5066 5339 5335 5054 4571 4038 3677 3683 4053 4587 6078 6420 6945 7441 7737 7740 7450 6956 6429 6082 62831 538 1025 1411 1659 1745 1659 1411 1025 538 9154 9302 9736 10274 10713 10897 10763 10358 9822 9357 6049 5730 5225 4705 4391 4447 4843 5380 5846 6091 4990 4781 4952 5412 5948 6362 6525 6392 6000 5468 6845 6307 5876 5751 5993 6484 7011 7384 7486 7287 
9967 10181 10082 9703 9173 8688 8448 8560 8973 9511 5911 6448 6911 7146 7085 6745 6230 5720 5432 5509 11542 11797 12285 12814 13185 13264 13022 12546 12012 11625 4829 5056 5003 4684 4183 3660 3346 3422 3841 4379 5742 6053 6570 7078 7400 7437 7178 6701 6167 5788 538 62831 538 1025 1411 1659 1745 1659 1411 1025 9105 9218 9630 10167 10624 10839 10737 10354 9823 9341 6428 6079 5562 5055 4780 4878 5297 5836 6285 6504 5298 5043 5162 5591 6130 6572 6776 6682 6319 5796 7384 6845 6413 6281 6514 6999 7529 7910 8019 7824 
9992 10174 10042 9638 9103 8636 8431 8580 9016 9555 5494 6032 6479 6691 6607 6252 5731 5229 4963 5070 11013 11263 11749 12279 12653 12738 12502 12030 11495 11103 4970 5142 5031 4663 4141 3643 3401 3560 4022 4557 5230 5529 6042 6554 6886 6937 6694 6228 5691 5295 1025 538 62831 538 1025 1411 1659 1745 1659 1411 8766 8851 9246 9781 10251 10487 10411 10048 9522 9028 6962 6607 6087 5584 5316 5417 5834 6372 6824 7042 5334 5029 5089 5482 6019 6487 6733 6686 6359 5850 7818 7280 6832 6670 6872 7341 7875 8277 8414 8243 
10340 10497 10338 9916 9378 8927 8752 8929 9381 9919 5392 5929 6347 6516 6389 6001 5471 4989 4773 4936 10526 10789 11282 11809 12173 12244 11998 11521 10988 10603 5413 5551 5402 5003 4470 3996 3806 4011 4492 5022 4717 5033 5553 6057 6375 6414 6162 5693 5157 4767 1411 1025 538 62831 538 1025 1411 1659 1745 1659 8249 8325 8715 9250 9722 9966 9899 9544 9021 8522 7439 7099 6584 6075 5785 5857 6254 6791 7257 7497 5089 4743 4753 5114 5645 6130 6409 6402 6110 5618 8004 7470 7000 6796 6955 7401 7939 8367 8540 8405 
10865 11014 10845 10416 9877 9434 9269 9455 9911 10448 5660 6191 6579 6706 6536 6116 5579 5125 4963 5179 10277 10566 11070 11590 11932 11976 11707 11218 10689 10325 5951 6089 5935 5529 4995 4527 4344 4548 5025 5557 4425 4783 5314 5800 6082 6080 5796 5308 4778 4422 1659 1411 1025 538 62831 538 1025 1411 1659 1745 7741 7832 8233 8770 9234 9465 9386 9024 8499 8003 7698 7388 6885 6364 6039 6064 6427 6958 7444 7719 4628 4258 4243 4590 5119 5610 5902 5913 5641 5161 7886 7358 6868 6624 6742 7164 7702 8151 8358 8260 
11361 11522 11362 10938 10400 9952 9776 9950 10398 10936 6162 6689 7064 7170 6976 6539 6000 5565 5432 5672 10371 10687 11202 11712 12030 12044 11748 11247 10725 10385 6381 6546 6415 6024 5493 5014 4802 4971 5429 5966 4508 4911 5449 5910 6147 6095 5767 5259 4742 4439 1745 1659 1411 1025 538 62831 538 1025 1411 1659 7450 7575 8000 8538 8985 9187 9078 8694 8163 7681 7660 7385 6900 6369 6005 5979 6305 6826 7329 7639 4090 3726 3728 4094 4627 5108 5384 5383 5105 4623 7498 6977 6475 6204 6293 6699 7237 7697 7925 7852 
11648 11834 11699 11290 10754 10292 10091 10238 10669 11207 6682 7212 7594 7705 7514 7077 6539 6103 5966 6198 10768 11101 11621 12125 12427 12419 12104 11594 11079 10759 6568 6774 6684 6323 5801 5302 5043 5158 5585 6124 4920 5348 5886 6330 6537 6450 6092 5571 5070 4807 1659 1745 1659 1411 1025 538 62831 538 1025 1411 7507 7673 8121 8659 9084 9252 9108 8698 8162 7700 7335 7091 6624 6087 5693 5626 5921 6432 6946 7281 3690 3370 3438 3851 4390 4843 5075 5028 4714 4214 6966 6448 5943 5666 5755 6162 6700 7159 7387 7316 
11626 11840 11736 11349 10816 10338 10106 10219 10630 11167 7038 7573 7975 8114 7947 7525 6987 6536 6370 6569 11303 11639 12160 12663 12962 12950 12630 12119 11605 11290 6458 6707 6663 6339 5831 5314 5006 5062 5453 5989 5458 5886 6425 6868 7073 6979 6613 6089 5593 5340 1411 1659 1745 1659 1411 1025 538 62831 538 1025 7886 8079 8541 9077 9487 9631 9462 9035 8497 8051 6826 6597 6139 5601 5192 5108 5392 5900 6416 6759 3639 3390 3542 4001 4537 4953 5130 5024 4661 4140 6486 5962 5466 5214 5334 5763 6302 6744 6947 6852 
11301 11539 11461 11093 10566 10075 9817 9902 10294 10829 7118 7657 8085 8261 8130 7733 7200 6727 6518 6674 11772 12095 12611 13120 13432 13433 13124 12616 12099 11774 6083 6364 6358 6068 5577 5048 4699 4707 5067 5598 5913 6322 6860 7318 7544 7469 7116 6596 6093 5821 1025 1411 1659 1745 1659 1411 1025 538 62831 538 8420 8616 9079 9615 10024 10164 9989 9557 9018 8578 6310 6070 5608 5070 4670 4603 4907 5423 5932 6259 3967 3774 3975 4455 4986 5378 5519 5372 4975 4443 6264 5731 5256 5053 5227 5688 6224 6637 6798 6660 
10788 11036 10970 10613 10089 9591 9321 9394 9778 10312 6901 7439 7890 8101 8008 7639 7113 6620 6370 6481 12003 12303 12810 13328 13661 13690 13402 12903 12380 12033 5557 5848 5859 5587 5107 4574 4204 4189 4537 5067 6141 6519 7052 7530 7790 7752 7427 6917 6402 6094 538 1025 1411 1659 1745 1659 1411 1025 538 62831 8898 9077 9530 10067 10488 10643 10482 10058 9520 9071 6002 5726 5244 4711 4346 4335 4685 5214 5704 5994 4493 4310 4514 4992 5523 5917 6055 5900 5495 4961 6407 5869 5422 5270 5492 5975 6505 6891 7012 6833 
17594 17523 17149 16618 16134 15878 15948 16318 16846 17335 10170 10415 10349 9993 9470 8972 8700 8774 9162 9696 6348 6886 7348 7582 7516 7169 6651 6145 5865 5946 13509 13515 13209 12703 12185 11855 11849 12168 12683 13193 5034 5313 5315 5040 4561 4027 3659 3655 4019 4552 9154 9105 8766 8249 7741 7450 7507 7886 8420 8898 62831 538 1025 1411 1659 1745 1659 1411 1025 538 14305 14218 13838 13307 12824 12579 12670 13060 13595 14069 5921 5603 5099 4579 4262 4318 4715 5252 5717 5962 11276 11021 10541 10008 9630 9565 9842 10342 10864 11217 
17398 17300 16908 16373 15901 15669 15765 16154 16688 17164 9908 10127 10033 9657 9128 8641 8396 8502 8912 9449 5810 6347 6810 7046 6987 6648 6134 5623 5333 5409 13495 13472 13142 12626 12117 11813 11838 12181 12704 13204 4815 5047 5000 4686 4186 3662 3342 3410 3824 4363 9302 9218 8851 8325 7832 7575 7673 8079 8616 9077 538 62831 538 1025 1411 1659 1745 1659 1411 1025 14615 14503 14106 13571 13101 12879 12994 13400 13937 14399 6327 5982 5465 4957 4678 4772 5190 5729 6180 6400 11739 11470 10982 10452 10088 10040 10330 10835 11354 11696 
17529 17403 16991 16454 15996 15790 15914 16321 16858 17320 9989 10176 10048 9648 9114 8644 8434 8578 9010 9549 5381 5920 6367 6581 6500 6147 5627 5124 4854 4959 13805 13756 13407 12884 12384 12102 12153 12515 13043 13534 4976 5154 5048 4685 4164 3663 3414 3565 4023 4559 9736 9630 9246 8715 8233 8000 8121 8541 9079 9530 1025 538 62831 538 1025 1411 1659 1745 1659 1411 15125 15003 14598 14062 13598 13386 13510 13921 14459 14917 6865 6516 5997 5492 5216 5309 5723 6261 6715 6938 12275 12008 11520 10991 10625 10573 10859 11361 11882 12228 
17939 17793 17368 16830 16383 16195 16337 16756 17294 17747 10377 10542 10389 9972 9434 8980 8796 8966 9414 9952 5262 5799 6217 6388 6263 5878 5348 4864 4645 4807 14315 14256 13898 13372 12877 12606 12666 13035 13564 14052 5430 5576 5434 5040 4508 4030 3831 4025 4502 5034 10274 10167 9781 9250 8770 8538 8659 9077 9615 10067 1411 1025 538 62831 538 1025 1411 1659 1745 1659 15640 15526 15125 14590 14122 13903 14019 14424 14960 15424 7324 6993 6481 5968 5668 5729 6119 6655 7125 7373 12682 12432 11952 11419 11039 10966 11232 11725 12251 12614 
18475 18327 17899 17361 16916 16731 16876 17295 17833 18285 10912 11071 10912 10489 9951 9502 9326 9501 9950 10488 5515 6045 6433 6561 6391 5973 5436 4981 4817 5033 14829 14779 14425 13901 13404 13126 13178 13539 14067 14558 5967 6115 5969 5570 5037 4564 4369 4561 5033 5566 10713 10624 10251 9722 9234 8985 9084 9487 10024 10488 1659 1411 1025 538 62831 538 1025 1411 1659 1745 15965 15873 15488 14955 14477 14237 14330 14718 15252 15728 7553 7253 6755 6230 5894 5906 6260 6789 7279 7563 12811 12587 12122 11586 11184 11080 11318 11798 12330 12714 
18936 18802 18383 17845 17393 17195 17324 17733 18269 18731 11386 11559 11412 10996 10459 10003 9814 9974 10414 10953 6011 6538 6911 7015 6821 6384 5845 5410 5278 5520 15155 15127 14790 14271 13766 13469 13497 13840 14362 14863 6387 6562 6441 6058 5529 5044 4820 4976 5427 5964 10897 10839 10487 9966 9465 9187 9252 9631 10164 10643 1745 1659 1411 1025 538 62831 538 1025 1411 1659 15976 15913 15548 15020 14530 14264 14328 14696 15224 15713 7482 7218 6739 6206 5831 5791 6107 6625 7131 7450 12618 12420 11970 11432 11010 10877 11087 11554 12090 12493 
19140 19033 18632 18096 17630 17407 17510 17900 18433 18909 11628 11827 11707 11308 10773 10303 10087 10219 10640 11178 6535 7064 7443 7552 7359 6922 6383 5948 5814 6048 15168 15169 14855 14345 13830 13509 13508 13828 14341 14852 6558 6775 6696 6343 5824 5320 5049 5150 5569 6108 10763 10737 10411 9899 9386 9078 9108 9462 9989 10482 1659 1745 1659 1411 1025 538 62831 538 1025 1411 15669 15630 15284 14762 14261 13974 14014 14364 14888 15386 7132 6899 6438 5900 5496 5416 5701 6209 6725 7068 12170 11989 11550 11011 10578 10426 10621 11079 11616 12029 
19004 18926 18545 18013 17533 17285 17359 17729 18258 18746 11554 11782 11692 11316 10786 10300 10054 10152 10551 11088 6901 7435 7835 7971 7801 7378 6841 6390 6227 6430 14864 14890 14597 14096 13574 13232 13206 13506 14012 14530 6433 6691 6659 6344 5840 5319 5000 5042 5423 5958 10358 10354 10048 9544 9024 8694 8698 9035 9557 10058 1411 1659 1745 1659 1411 1025 538 62831 538 1025 15161 15132 14795 14276 13771 13475 13504 13847 14369 14870 6612 6392 5940 5402 4985 4889 5166 5673 6190 6538 11631 11450 11012 10473 10039 9888 10084 10545 11081 11492 
18583 18525 18159 17630 17141 16875 16932 17288 17814 18309 11190 11439 11374 11017 10493 9996 9725 9796 10178 10712 6995 7533 7959 8133 8000 7602 7068 6596 6389 6548 14358 14394 14112 13615 13090 12739 12701 12993 13496 14016 6046 6335 6340 6058 5572 5041 4682 4677 5027 5556 9822 9823 9522 9021 8499 8163 8162 8497 9018 9520 1025 1411 1659 1745 1659 1411 1025 538 62831 538 14644 14608 14266 13746 13243 12952 12989 13339 13864 14361 6108 5874 5415 4877 4471 4398 4699 5215 5724 6053 11208 11009 10560 10022 9599 9468 9686 10158 10692 11088 
18045 17989 17625 17097 16607 16338 16393 16750 17275 17771 10663 10920 10864 10515 9994 9492 9211 9273 9650 10182 6791 7330 7779 7988 7894 7524 6998 6506 6256 6370 13840 13869 13581 13083 12559 12212 12182 12481 12987 13505 5516 5815 5834 5570 5095 4560 4182 4155 4495 5022 9357 9341 9028 8522 8003 7681 7700 8051 8578 9071 538 1025 1411 1659 1745 1659 1411 1025 538 62831 14317 14258 13900 13374 12879 12607 12668 13037 13567 14054 5833 5560 5079 4546 4177 4164 4515 5045 5534 5823 11070 10842 10377 9841 9439 9342 9591 10079 10608 10981 
10256 10750 11034 11010 10685 10173 9660 9351 9378 9729 11248 11703 12240 12657 12802 12623 12185 11646 11212 11058 17965 18225 18710 19241 19612 19674 19402 18906 18381 18024 6343 6881 7341 7571 7501 7151 6632 6128 5851 5938 12123 12468 12991 13491 13780 13754 13422 12905 12397 12096 6049 6428 6962 7439 7698 7660 7335 6826 6310 6002 14305 14615 15125 15640 15965 15976 15669 15161 14644 14317 62831 538 1025 1411 1659 1745 1659 1411 1025 538 8563 8770 9238 9773 10175 10305 10120 9682 9143 8709 5028 4794 4939 5385 5922 6350 6534 6422 6045 5518 
9780 10268 10540 10503 10170 9655 9145 8846 8887 9250 10749 11197 11735 12159 12316 12151 11721 11183 10740 10571 17620 17861 18336 18870 19257 19343 19093 18607 18077 17702 5805 6342 6803 7037 6974 6632 6117 5608 5321 5401 11807 12132 12649 13157 13466 13465 13153 12644 12128 11805 5730 6079 6607 7099 7388 7385 7091 6597 6070 5726 14218 14503 15003 15526 15873 15913 15630 15132 14608 14258 538 62831 538 1025 1411 1659 1745 1659 1411 1025 8573 8744 9192 9730 10155 10318 10165 9748 9210 8755 5392 5118 5213 5629 6167 6620 6841 6766 6416 5897 
9554 10028 10274 10208 9854 9331 8832 8559 8632 9019 10225 10678 11216 11635 11786 11616 11185 10646 10205 10041 17097 17332 17805 18339 18731 18825 18582 18100 17569 17187 5371 5910 6356 6567 6483 6128 5608 5105 4839 4947 11297 11615 12129 12640 12956 12965 12663 12159 11639 11306 5225 5562 6087 6584 6885 6900 6624 6139 5608 5244 13838 14106 14598 15125 15488 15548 15284 14795 14266 13900 1025 538 62831 538 1025 1411 1659 1745 1659 1411 8284 8425 8856 9395 9836 10026 9901 9504 8970 8498 5496 5174 5212 5589 6123 6600 6863 6833 6520 6017 
