NAME: sphere_cap_rand_nol_25x10
COMMENT: type = spherical_cap, neigh_ang = 0.0872664625997, neigh_size = 10
COMMENT: sphere_limit = 1.0471975512, rect_limit = [-1.0471975512, 0.785398163397, -0.785398163397, 1.0471975512]
TYPE: GTSP
DIMENSION: 250
GTSP_SETS: 25
EDGE_WEIGHT_TYPE: EXPLICIT
EDGE_WEIGHT_FORMAT: FULL_MATRIX
EDGE_WEIGHT_SECTION:
62831 538 1025 1411 1659 1745 1659 1411 1025 538 7643 7549 7180 6655 6161 5911 6026 6450 6988 7435 10052 10345 10332 10020 9513 8995 8673 8686 9030 9554 3701 3861 4321 4857 5271 5443 5328 4956 4431 3937 5635 5824 5723 5359 4837 4338 4087 4224 4669 5207 13670 14195 14548 14600 14330 13839 13311 12949 12896 13173 4771 4235 3853 3826 4171 4700 5191 5486 5505 5243 9479 9921 10460 10890 11062 10914 10499 9962 9505 9317 6621 6888 7388 7910 8267 8344 8115 7655 7117 6712 4498 4923 5112 5019 4667 4150 3643 3378 3511 3961 12614 13141 13633 13906 13860 13512 12990 12489 12205 12253 3366 3897 4383 4674 4698 4448 3987 3449 3050 3015 13314 13790 14323 14713 14813 14586 14118 13582 13185 13081 10225 10390 10240 9824 9286 8830 8645 8814 9260 9799 6956 7473 7981 8301 8330 8060 7575 7044 6677 6642 13546 13901 13957 13693 13205 12675 12308 12250 12525 13021 3967 3612 3097 2588 2335 2516 2999 3528 3920 4078 11188 11646 12183 12597 12736 12553 12112 11573 11142 10993 11536 12071 12473 12597 12398 11947 11409 10988 10856 11068 8377 8616 8550 8200 7679 7177 6899 6977 7373 7909 2920 2568 2617 3032 3571 4021 4259 4228 3936 3453 13084 13374 13350 13020 12504 11995 11691 11717 12062 12585 10266 10772 11290 11628 11668 11395 10905 10376 10015 9971 6102 6150 5909 5446 4909 4509 4445 4753 5271 5778 7602 8046 8247 8143 7764 7235 6749 6511 6636 7063 
538 62831 538 1025 1411 1659 1745 1659 1411 1025 7979 7852 7459 6926 6450 6236 6389 6834 7372 7801 9846 10112 10070 9733 9217 8709 8413 8461 8831 9362 3733 3815 4233 4772 5222 5447 5388 5059 4552 4035 5593 5731 5580 5178 4645 4173 3986 4191 4671 5202 13170 13692 14038 14081 13805 13312 12785 12428 12383 12669 5305 4768 4377 4328 4650 5172 5674 5987 6024 5773 9099 9526 10065 10509 10703 10580 10182 9648 9177 8962 6585 6811 7293 7824 8210 8325 8133 7695 7156 6722 4135 4529 4680 4553 4178 3654 3159 2935 3124 3605 12075 12602 13094 13369 13326 12982 12461 11959 11671 11716 2841 3369 3862 4171 4222 4005 3569 3030 2596 2512 12806 13277 13812 14208 14319 14104 13642 13105 12699 12583 10221 10354 10172 9735 9196 8760 8611 8815 9281 9817 6449 6961 7474 7805 7852 7599 7125 6590 6206 6149 13204 13542 13576 13294 12798 12273 11921 11885 12180 12685 4424 4037 3509 3023 2822 3037 3529 4055 4434 4567 10749 11197 11735 12160 12317 12153 11724 11186 10742 10572 11013 11547 11945 12063 11861 11409 10871 10452 10324 10542 8264 8468 8366 7989 7460 6973 6733 6855 7278 7817 3356 2958 2927 3283 3815 4299 4586 4607 4356 3894 12830 13098 13048 12699 12177 11677 11395 11447 11813 12342 9755 10258 10778 11125 11177 10916 10433 9901 9528 9471 6242 6241 5956 5468 4938 4583 4584 4940 5471 5958 7203 7631 7809 7682 7290 6757 6280 6066 6220 6665 
1025 538 62831 538 1025 1411 1659 1745 1659 1411 8502 8364 7961 7427 6958 6758 6920 7368 7906 8331 9989 10225 10149 9786 9261 8766 8503 8589 8984 9520 3505 3517 3893 4429 4904 5172 5164 4881 4397 3865 5909 6003 5807 5373 4835 4396 4269 4526 5027 5548 12886 13401 13728 13747 13452 12950 12429 12089 12069 12376 5708 5170 4749 4651 4927 5434 5951 6299 6375 6157 8569 8993 9531 9979 10178 10064 9673 9141 8664 8440 6268 6460 6925 7461 7868 8014 7854 7437 6900 6444 4130 4473 4561 4374 3955 3419 2963 2828 3105 3619 11632 12163 12648 12908 12851 12496 11972 11475 11199 11261 2349 2884 3362 3650 3687 3467 3033 2495 2057 1990 12289 12765 13298 13689 13793 13573 13108 12572 12168 12059 10547 10653 10444 9990 9452 9036 8917 9149 9629 10161 5931 6448 6956 7279 7318 7062 6586 6052 5670 5621 13177 13491 13496 13190 12683 12165 11837 11832 12152 12667 4960 4576 4048 3561 3349 3540 4018 4549 4945 5094 10210 10658 11197 11621 11780 11618 11192 10653 10207 10034 10671 11202 11583 11679 11457 10994 10458 10053 9948 10188 8503 8675 8538 8134 7600 7132 6931 7092 7539 8077 3582 3133 3007 3287 3801 4312 4654 4738 4544 4119 12911 13152 13073 12701 12172 11684 11430 11514 11901 12435 9241 9747 10265 10604 10649 10383 9898 9367 8998 8948 6679 6648 6335 5832 5311 4989 5028 5408 5943 6418 7118 7519 7658 7494 7075 6538 6083 5914 6114 6584 
1411 1025 538 62831 538 1025 1411 1659 1745 1659 9002 8877 8482 7948 7474 7260 7406 7843 8382 8817 10417 10634 10536 10156 9626 9142 8902 9011 9422 9959 3067 3033 3384 3916 4402 4692 4715 4464 4002 3464 6427 6506 6291 5844 5305 4883 4780 5052 5557 6076 12932 13437 13740 13730 13410 12898 12385 12070 12081 12413 5862 5324 4870 4711 4932 5416 5946 6330 6454 6281 8085 8519 9057 9496 9682 9555 9157 8623 8152 7940 5764 5941 6400 6936 7351 7509 7365 6960 6426 5958 4487 4788 4822 4580 4123 3585 3179 3128 3466 3995 11463 11998 12469 12704 12619 12244 11715 11229 10979 11070 2153 2689 3119 3341 3313 3040 2576 2038 1654 1709 11964 12450 12980 13354 13435 13195 12721 12187 11798 11712 11065 11161 10941 10480 9943 9536 9430 9670 10154 10684 5619 6145 6640 6934 6940 6656 6167 5638 5282 5274 13476 13770 13749 13421 12905 12396 12090 12112 12453 12975 5378 5020 4501 3997 3739 3872 4318 4856 5283 5474 9777 10236 10773 11185 11327 11149 10714 10175 9738 9583 10652 11176 11534 11599 11349 10871 10338 9956 9885 10155 8988 9143 8986 8569 8032 7577 7398 7578 8035 8572 3553 3061 2844 3044 3530 4058 4445 4590 4457 4078 13293 13515 13413 13024 12491 12015 11782 11889 12291 12828 8927 9443 9952 10270 10289 10002 9507 8981 8632 8611 7217 7186 6869 6363 5844 5527 5566 5943 6476 6955 7389 7764 7866 7664 7221 6682 6254 6130 6372 6861 
1659 1411 1025 538 62831 538 1025 1411 1659 1745 9302 9206 8831 8303 7815 7570 7681 8096 8634 9088 10956 11172 11070 10687 10155 9674 9438 9550 9960 10498 2528 2500 2868 3404 3880 4158 4176 3928 3471 2933 6933 7026 6821 6378 5839 5411 5294 5548 6044 6568 13289 13786 14069 14035 13696 13177 12672 12378 12414 12764 5724 5194 4711 4495 4663 5122 5659 6073 6239 6111 7847 8301 8839 9257 9413 9257 8839 8302 7847 7668 5244 5437 5906 6440 6843 6989 6835 6426 5891 5427 5018 5308 5323 5059 4586 4050 3670 3649 4000 4530 11636 12174 12630 12839 12725 12329 11795 11323 11101 11223 2398 2916 3284 3423 3308 2959 2451 1934 1679 1893 11961 12460 12983 13335 13387 13121 12633 12104 11737 11682 11571 11678 11465 11008 10470 10058 9942 10173 10650 11183 5663 6199 6672 6926 6887 6565 6058 5540 5228 5278 13982 14267 14234 13895 13376 12871 12577 12611 12960 13485 5554 5238 4736 4214 3896 3955 4357 4895 5356 5597 9628 10104 10637 11028 11140 10934 10482 9944 9526 9403 10964 11482 11819 11857 11582 11092 10563 10204 10162 10457 9518 9678 9524 9108 8571 8115 7933 8108 8559 9097 3274 2755 2467 2601 3062 3597 4011 4198 4115 3780 13825 14042 13934 13540 13006 12533 12307 12420 12826 13362 8951 9476 9973 10263 10247 9933 9425 8908 8588 8605 7653 7645 7346 6848 6323 5986 5995 6347 6876 7367 7889 8252 8336 8115 7658 7120 6709 6609 6868 7364 
1745 1659 1411 1025 538 62831 538 1025 1411 1659 9303 9243 8895 8376 7872 7591 7661 8048 8583 9056 11399 11631 11545 11172 10643 10155 9905 9998 10395 10931 2097 2156 2588 3126 3564 3790 3757 3470 2992 2457 7252 7379 7204 6779 6241 5793 5636 5850 6328 6860 13815 14310 14587 14544 14197 13674 13174 12889 12933 13289 5332 4810 4310 4056 4189 4632 5170 5600 5791 5693 7964 8438 8971 9366 9488 9298 8858 8319 7887 7747 4926 5164 5655 6182 6556 6665 6477 6046 5508 5066 5504 5813 5844 5590 5121 4585 4196 4153 4481 5005 12081 12620 13067 13258 13125 12715 12179 11718 11516 11656 2907 3413 3751 3845 3676 3277 2747 2269 2108 2388 12283 12791 13308 13641 13668 13380 12881 12358 12011 11983 11881 12012 11822 11377 10839 10411 10270 10475 10939 11475 6043 6581 7037 7260 7185 6833 6313 5810 5537 5631 14500 14791 14764 14429 13911 13405 13106 13134 13477 13999 5442 5173 4697 4162 3788 3773 4127 4658 5144 5432 9828 10318 10846 11216 11297 11063 10594 10059 9663 9573 11477 11992 12320 12346 12060 11563 11038 10690 10662 10967 9898 10080 9948 9546 9010 8543 8337 8486 8922 9461 2803 2273 1948 2062 2524 3059 3473 3668 3604 3293 14304 14533 14436 14049 13516 13039 12803 12903 13299 13835 9302 9832 10318 10585 10542 10204 9687 9180 8886 8934 7842 7872 7605 7123 6591 6220 6183 6498 7016 7523 8411 8780 8870 8653 8197 7659 7246 7141 7392 7884 
1659 1745 1659 1411 1025 538 62831 538 1025 1411 9005 8976 8654 8144 7629 7317 7351 7714 8245 8732 11589 11846 11789 11436 10913 10414 10137 10199 10574 11106 2042 2234 2726 3251 3634 3785 3673 3321 2808 2296 7285 7454 7320 6923 6390 5916 5710 5875 6327 6865 14309 14808 15094 15060 14719 14198 13695 13403 13438 13786 4801 4282 3777 3517 3653 4103 4640 5065 5253 5157 8381 8866 9396 9775 9874 9660 9205 8667 8253 8141 4972 5261 5772 6286 6625 6688 6456 5997 5459 5052 5788 6132 6203 5983 5533 4994 4575 4481 4764 5273 12620 13158 13605 13796 13661 13249 12712 12253 12054 12195 3422 3935 4285 4384 4210 3802 3268 2800 2646 2911 12799 13309 13824 14150 14167 13868 13365 12844 12508 12491 11884 12045 11884 11459 10920 10474 10300 10473 10920 11458 6577 7115 7567 7783 7696 7333 6808 6312 6054 6160 14835 15145 15139 14820 14308 13795 13479 13485 13810 14326 5072 4842 4392 3853 3437 3364 3680 4203 4704 5021 10291 10788 11312 11669 11733 11482 11003 10470 10089 10019 11989 12506 12842 12875 12593 12098 11572 11219 11185 11482 9997 10211 10111 9731 9201 8717 8478 8590 9003 9541 2266 1739 1446 1640 2143 2662 3035 3186 3090 2762 14551 14803 14730 14361 13832 13343 13085 13160 13537 14069 9828 10360 10842 11101 11049 10701 10181 9678 9395 9454 7727 7797 7567 7106 6568 6164 6078 6353 6856 7376 8766 9155 9271 9075 8632 8093 7665 7531 7756 8234 
1411 1659 1745 1659 1411 1025 538 62831 538 1025 8505 8492 8184 7681 7160 6832 6848 7201 7729 8221 11458 11742 11716 11388 10874 10363 10057 10086 10437 10963 2407 2674 3187 3699 4046 4145 3975 3573 3041 2567 7024 7229 7134 6768 6243 5748 5496 5614 6041 6580 14585 15093 15399 15389 15065 14551 14040 13729 13740 14068 4321 3795 3304 3086 3277 3757 4287 4681 4831 4700 8919 9405 9935 10312 10408 10189 9730 9193 8783 8676 5357 5677 6198 6702 7016 7046 6782 6303 5770 5394 5792 6173 6293 6119 5698 5161 4708 4551 4777 5263 13047 13585 14042 14248 14128 13725 13190 12723 12509 12634 3780 4308 4693 4831 4689 4301 3772 3287 3085 3293 13308 13815 14333 14666 14690 14397 13896 13374 13033 13007 11580 11766 11631 11223 10687 10224 10023 10169 10600 11138 7054 7591 8053 8283 8210 7855 7333 6832 6562 6650 14861 15194 15217 14922 14419 13898 13559 13536 13837 14343 4547 4335 3898 3360 2925 2831 3141 3664 4165 4486 10827 11323 11848 12207 12272 12020 11540 11007 10628 10558 12311 12835 13189 13244 12980 12494 11964 11595 11537 11813 9784 10027 9959 9604 9081 8582 8310 8387 8777 9312 1894 1405 1274 1632 2169 2641 2932 2993 2811 2419 14473 14750 14707 14359 13836 13336 13052 13097 13453 13979 10323 10852 11340 11610 11566 11226 10707 10202 9911 9958 7342 7443 7243 6801 6263 5833 5708 5952 6443 6970 8838 9252 9401 9239 8817 8279 7828 7656 7843 8301 
1025 1411 1659 1745 1659 1411 1025 538 62831 538 7982 7960 7648 7144 6624 6301 6327 6690 7220 7707 11053 11356 11352 11043 10537 10019 9692 9696 10029 10550 2942 3212 3722 4236 4585 4678 4493 4076 3540 3082 6546 6772 6703 6358 5841 5333 5052 5141 5552 6091 14541 15058 15387 15406 15106 14602 14082 13747 13728 14033 4116 3580 3127 2995 3270 3782 4295 4640 4728 4538 9372 9848 10381 10771 10883 10678 10227 9688 9270 9146 5892 6216 6737 7240 7552 7575 7303 6818 6287 5921 5514 5926 6090 5962 5575 5045 4562 4346 4516 4978 13208 13743 14214 14446 14352 13967 13435 12956 12717 12814 3897 4434 4861 5054 4965 4617 4102 3592 3321 3449 13621 14119 14643 14994 15041 14767 14273 13747 13389 13340 11075 11273 11151 10754 10219 9748 9532 9666 10089 10628 7313 7846 8326 8585 8543 8212 7699 7187 6886 6936 14569 14921 14970 14697 14204 13677 13318 13268 13547 14045 4052 3817 3371 2832 2412 2363 2721 3255 3735 4022 11235 11722 12252 12625 12709 12472 12000 11465 11073 10984 12329 12859 13235 13319 13082 12609 12074 11684 11594 11844 9329 9589 9543 9205 8688 8180 7887 7940 8315 8848 1947 1553 1601 2045 2581 3011 3234 3211 2945 2486 14100 14396 14375 14045 13529 13020 12716 12738 13077 13598 10608 11131 11630 11922 11904 11582 11071 10557 10245 10265 6812 6922 6734 6302 5763 5323 5183 5418 5907 6434 8604 9038 9220 9091 8692 8158 7687 7477 7627 8065 
538 1025 1411 1659 1745 1659 1411 1025 538 62831 7644 7592 7256 6742 6231 5936 6001 6392 6928 7398 10517 10823 10825 10523 10020 9499 9166 9164 9493 10013 3418 3644 4137 4662 5038 5161 5000 4596 4062 3592 6012 6234 6164 5822 5307 4797 4513 4606 5023 5561 14193 14715 15063 15105 14826 14331 13805 13451 13408 13693 4301 3763 3358 3304 3637 4164 4658 4964 5000 4759 9581 10042 10578 10989 11129 10951 10516 9977 9540 9385 6365 6668 7182 7693 8022 8064 7806 7328 6795 6415 5031 5459 5651 5554 5194 4674 4172 3915 4048 4493 13044 13574 14059 14315 14250 13886 13359 12867 12602 12670 3748 4286 4748 4997 4968 4670 4179 3650 3309 3350 13623 14110 14639 15012 15088 14839 14358 13826 13446 13368 10556 10746 10619 10218 9683 9214 9004 9145 9575 10113 7277 7802 8299 8592 8588 8288 7788 7265 6928 6933 14068 14428 14489 14228 13742 13212 12842 12779 13048 13541 3813 3520 3037 2504 2154 2223 2659 3197 3632 3854 11371 11844 12378 12773 12885 12674 12216 11679 11267 11148 12036 12570 12964 13074 12861 12402 11865 11455 11338 11562 8791 9050 9005 8670 8156 7646 7349 7402 7778 8311 2382 2043 2135 2584 3120 3546 3754 3702 3400 2914 13571 13871 13857 13535 13022 12510 12198 12212 12547 13067 10587 11101 11611 11929 11942 11646 11145 10623 10284 10270 6329 6421 6218 5778 5240 4808 4688 4947 5447 5968 8138 8584 8786 8679 8298 7767 7283 7049 7174 7600 
7643 7979 8502 9002 9302 9303 9005 8505 7982 7644 62831 538 1025 1411 1659 1745 1659 1411 1025 538 8333 8871 9294 9458 9309 8896 8360 7900 7713 7883 10789 11150 11678 12169 12442 12400 12059 11539 11035 10745 5053 5555 6075 6432 6517 6309 5864 5326 4899 4788 16078 16551 17086 17477 17573 17335 16858 16325 15938 15844 6491 6537 6912 7445 7925 8187 8148 7822 7311 6797 17063 17466 18002 18468 18681 18555 18142 17605 17148 16942 13623 14036 14574 15031 15236 15112 14705 14169 13706 13496 8081 8544 9080 9489 9631 9460 9032 8494 8049 7886 17653 18031 18562 19045 19292 19201 18810 18276 17802 17566 10376 10782 11319 11781 12001 11901 11517 10985 10505 10268 19727 20051 20563 21076 21386 21363 21016 20492 19994 19706 5784 6290 6612 6652 6401 5931 5395 5006 4953 5265 13849 14264 14801 15257 15460 15332 14923 14386 13925 13719 12595 13132 13549 13691 13507 13064 12525 12096 11947 12140 4050 4174 4613 5152 5585 5783 5691 5334 4815 4311 18523 18903 19434 19917 20161 20064 19667 19131 18663 18432 15315 15767 16305 16724 16864 16670 16217 15679 15260 15121 6302 6840 7286 7492 7396 7028 6502 6009 5759 5876 8148 8404 8896 9423 9790 9873 9646 9182 8645 8243 10923 11450 11814 11887 11643 11168 10634 10247 10168 10430 16861 17252 17785 18260 18492 18387 17987 17452 16984 16759 3090 3593 4113 4475 4587 4422 4020 3487 3015 2845 9834 10339 10858 11200 11246 10979 10493 9963 9595 9545 
7549 7852 8364 8877 9206 9243 8976 8492 7960 7592 538 62831 538 1025 1411 1659 1745 1659 1411 1025 7798 8335 8756 8919 8772 8361 7825 7364 7174 7346 10821 11157 11678 12180 12479 12468 12151 11640 11126 10809 4583 5074 5601 5976 6090 5911 5488 4951 4500 4349 15544 16016 16550 16944 17045 16814 16340 15806 15414 15314 6772 6777 7122 7648 8144 8436 8432 8132 7633 7109 16890 17275 17807 18286 18525 18428 18035 17500 17028 16796 13697 14090 14625 15097 15329 15232 14844 14311 13835 13599 7685 8134 8672 9096 9263 9118 8709 8172 7710 7518 17182 17550 18078 18568 18827 18752 18374 17842 17361 17110 10146 10531 11065 11541 11786 11716 11353 10827 10333 10068 19330 19637 20143 20661 20989 20990 20663 20145 19638 19330 5297 5796 6102 6129 5870 5396 4861 4479 4443 4773 13559 13957 14493 14961 15186 15084 14691 14157 13684 13454 12069 12606 13018 13156 12970 12526 11987 11559 11413 11610 4145 4199 4595 5132 5597 5843 5803 5488 4986 4464 18265 18626 19152 19646 19914 19846 19470 18938 18456 18201 14813 15259 15798 16224 16375 16192 15747 15208 14781 14630 5763 6302 6748 6958 6870 6510 5987 5488 5228 5339 8269 8491 8967 9500 9892 10008 9811 9366 8827 8401 10413 10937 11295 11360 11111 10634 10101 9717 9646 9916 16509 16884 17414 17899 18151 18069 17687 17154 16675 16429 2622 3107 3635 4024 4177 4058 3696 3177 2673 2433 9339 9839 10361 10713 10773 10522 10043 9510 9129 9062 
7180 7459 7961 8482 8831 8895 8654 8184 7648 7256 1025 538 62831 538 1025 1411 1659 1745 1659 1411 7405 7941 8345 8485 8317 7894 7356 6906 6741 6939 10543 10857 11371 11882 12203 12218 11924 11423 10901 10560 4047 4541 5066 5438 5552 5378 4962 4425 3967 3811 15069 15548 16080 16465 16553 16312 15834 15301 14916 14828 6765 6724 7033 7548 8058 8382 8417 8151 7669 7136 16450 16823 17353 17839 18093 18014 17634 17102 16622 16373 13449 13824 14355 14839 15094 15023 14655 14126 13637 13377 7152 7598 8136 8564 8737 8601 8198 7663 7195 6993 16647 17018 17548 18035 18291 18214 17835 17303 16822 16572 9680 10054 10585 11068 11328 11274 10926 10404 9903 9621 18794 19099 19604 20123 20454 20459 20136 19620 19112 18799 5068 5545 5813 5798 5504 5012 4484 4139 4159 4534 13059 13451 13985 14458 14693 14603 14220 13688 13208 12966 11714 12249 12647 12764 12558 12104 11566 11150 11025 11244 3970 3957 4309 4839 5327 5616 5625 5354 4876 4342 17777 18129 18652 19151 19430 19376 19011 18483 17994 17726 14291 14742 15280 15701 15846 15659 15212 14673 14249 14102 5332 5870 6300 6487 6378 6004 5478 4986 4748 4888 8084 8272 8731 9268 9681 9829 9663 9238 8700 8252 10109 10627 10964 11005 10735 10247 9718 9353 9308 9602 15984 16355 16884 17371 17629 17555 17180 16649 16165 15912 2084 2575 3100 3486 3642 3539 3196 2688 2171 1901 8813 9316 9836 10183 10238 9984 9505 8972 8593 8530 
6655 6926 7427 7948 8303 8376 8144 7681 7144 6742 1411 1025 538 62831 538 1025 1411 1659 1745 1659 7330 7859 8237 8340 8137 7691 7152 6727 6604 6843 10052 10355 10865 11380 11710 11740 11458 10963 10437 10084 3660 4172 4685 5027 5106 4904 4471 3933 3493 3378 14835 15325 15853 16219 16282 16019 15530 15001 14634 14571 6471 6392 6671 7175 7694 8042 8109 7872 7407 6870 15911 16285 16815 17300 17554 17477 17099 16567 16085 15835 12970 13336 13864 14353 14620 14564 14207 13682 13186 12912 6678 7135 7672 8088 8244 8094 7684 7147 6686 6499 16251 16637 17170 17648 17886 17790 17399 16864 16391 16157 9143 9520 10053 10533 10790 10735 10387 9866 9364 9082 18325 18643 19154 19668 19985 19975 19642 19123 18618 18316 5215 5664 5885 5818 5479 4967 4455 4166 4257 4676 12536 12933 13468 13938 14167 14071 13685 13153 12674 12437 11675 12205 12581 12669 12436 11966 11431 11036 10942 11190 3565 3504 3827 4351 4850 5162 5205 4968 4511 3973 17248 17605 18130 18626 18900 18841 18474 17945 17457 17192 13950 14412 14949 15356 15479 15273 14815 14277 13866 13740 5208 5741 6139 6282 6131 5726 5192 4723 4537 4735 7650 7816 8264 8802 9227 9395 9250 8840 8303 7842 10140 10647 10958 10967 10669 10168 9646 9308 9299 9623 15487 15866 16398 16880 17127 17044 16662 16130 15650 15404 1709 2233 2733 3070 3177 3036 2672 2158 1648 1434 8465 8978 9490 9817 9848 9573 9084 8555 8194 8158 
6161 6450 6958 7474 7815 7872 7629 7160 6624 6231 1659 1411 1025 538 62831 538 1025 1411 1659 1745 7608 8129 8480 8548 8312 7846 7309 6911 6831 7106 9524 9834 10347 10859 11183 11207 10921 10426 9900 9550 3629 4160 4647 4939 4959 4705 4238 3701 3310 3279 14932 15433 15955 16299 16334 16046 15545 15023 14678 14643 5978 5880 6147 6648 7170 7526 7605 7384 6928 6390 15479 15865 16398 16876 17114 17020 16632 16098 15622 15386 12437 12807 13337 13823 14085 14027 13668 13143 12648 12376 6467 6945 7477 7867 7989 7806 7374 6835 6394 6247 16143 16548 17085 17549 17761 17637 17226 16689 16230 16022 8744 9138 9674 10143 10380 10305 9942 9416 8922 8659 18096 18435 18954 19459 19753 19715 19361 18835 18340 18060 5660 6091 6282 6178 5810 5285 4790 4544 4680 5122 12192 12604 13142 13599 13808 13691 13291 12756 12287 12070 11967 12492 12849 12910 12653 12170 11639 11264 11199 11471 3032 2965 3294 3821 4316 4624 4668 4438 3990 3451 16878 17251 17780 18267 18522 18443 18061 17529 17049 16802 13921 14398 14931 15318 15414 15181 14709 14174 13782 13684 5458 5982 6347 6445 6248 5812 5273 4837 4710 4961 7111 7278 7728 8266 8689 8856 8713 8305 7770 7306 10493 10990 11280 11262 10942 10431 9917 9603 9623 9968 15207 15604 16139 16609 16834 16727 16329 15794 15325 15100 1771 2310 2755 3007 3020 2794 2366 1831 1384 1354 8447 8970 9470 9767 9764 9460 8957 8436 8104 8108 
5911 6236 6758 7260 7570 7591 7317 6832 6301 5936 1745 1659 1411 1025 538 62831 538 1025 1411 1659 8110 8627 8967 9018 8764 8287 7753 7371 7312 7603 9166 9498 10018 10522 10826 10825 10521 10018 9497 9166 3973 4510 4974 5222 5190 4887 4392 3865 3530 3576 15322 15830 16347 16675 16689 16382 15873 15357 15029 15016 5450 5367 5649 6157 6674 7018 7085 6854 6395 5857 15317 15723 16259 16723 16936 16816 16409 15872 15410 15198 12056 12441 12974 13451 13695 13616 13245 12715 12228 11973 6620 7117 7641 8003 8086 7865 7409 6871 6459 6359 16364 16786 17324 17774 17961 17810 17382 16843 16399 16216 8651 9070 9608 10060 10266 10158 9772 9240 8760 8530 18189 18551 19077 19571 19838 19768 19392 18860 18378 18124 6198 6630 6818 6709 6332 5805 5315 5079 5219 5660 12165 12597 13135 13576 13757 13612 13193 12655 12202 12013 12471 12994 13343 13391 13121 12632 12103 11740 11689 11971 2561 2554 2936 3473 3942 4210 4214 3954 3489 2952 16805 17198 17732 18205 18434 18325 17924 17388 16922 16700 14217 14705 15234 15604 15674 15419 14934 14404 14030 13958 5953 6471 6820 6894 6671 6217 5679 5265 5172 5447 6673 6866 7330 7866 8273 8418 8254 7834 7297 6844 11019 11514 11796 11768 11439 10924 10414 10110 10141 10493 15251 15667 16204 16660 16858 16722 16305 15768 15314 15116 2216 2747 3150 3337 3272 2968 2484 1951 1615 1741 8766 9296 9784 10057 10024 9694 9181 8670 8366 8404 
6026 6389 6920 7406 7681 7661 7351 6848 6327 6001 1659 1745 1659 1411 1025 538 62831 538 1025 1411 8631 9150 9496 9552 9301 8825 8291 7908 7843 8127 9131 9490 10019 10509 10785 10752 10422 9907 9397 9095 4502 5040 5497 5730 5677 5352 4846 4328 4021 4093 15856 16366 16881 17206 17213 16900 16389 15875 15554 15546 5106 5069 5391 5913 6415 6728 6757 6495 6018 5484 15489 15912 16450 16899 17086 16939 16514 15975 15528 15342 11978 12384 12921 13383 13601 13494 13101 12567 12093 11866 7064 7570 8088 8432 8490 8245 7774 7238 6848 6779 16830 17260 17799 18241 18413 18246 17808 17269 16835 16668 8908 9346 9885 10319 10497 10359 9951 9415 8952 8753 18571 18948 19478 19963 20210 20118 19724 19189 18718 18484 6626 7074 7285 7196 6833 6309 5812 5554 5665 6088 12467 12913 13451 13878 14035 13865 13430 12891 12453 12290 12991 13515 13869 13923 13657 13168 12639 12273 12217 12493 2408 2515 2964 3501 3926 4128 4063 3743 3245 2720 17056 17466 18002 18463 18666 18531 18112 17574 17122 16925 14721 15213 15740 16103 16162 15895 15405 14877 14513 14453 6478 6999 7354 7432 7210 6755 6217 5804 5707 5976 6528 6763 7248 7777 8158 8265 8066 7623 7085 6656 11514 12013 12305 12286 11963 11450 10938 10627 10647 10990 15602 16031 16570 17013 17190 17032 16600 16062 15621 15445 2753 3285 3688 3864 3777 3443 2939 2418 2130 2280 9283 9815 10298 10562 10516 10175 9657 9151 8860 8912 
6450 6834 7368 7843 8096 8048 7714 7201 6690 6392 1411 1659 1745 1659 1411 1025 538 62831 538 1025 8981 9507 9873 9953 9722 9257 8721 8320 8229 8488 9435 9815 10348 10827 11079 11019 10666 10143 9643 9368 4993 5529 5997 6246 6206 5887 5383 4863 4547 4601 16331 16835 17355 17690 17710 17406 16898 16381 16051 16032 5115 5137 5503 6036 6519 6792 6775 6473 5975 5450 15927 16360 16899 17339 17509 17344 16907 16368 15932 15764 12237 12660 13198 13647 13840 13707 13296 12759 12299 12098 7602 8108 8626 8970 9027 8778 8304 7770 7383 7317 17366 17794 18333 18777 18951 18785 18346 17807 17374 17206 9400 9846 10384 10811 10975 10821 10402 9864 9411 9230 19103 19483 20013 20496 20739 20639 20240 19703 19237 19010 6809 7279 7525 7474 7139 6626 6114 5818 5882 6273 12975 13426 13964 14385 14531 14350 13907 13369 12939 12787 13331 13860 14231 14306 14057 13577 13045 12664 12586 12843 2681 2875 3360 3888 4277 4426 4299 3927 3405 2907 17537 17955 18493 18946 19137 18986 18557 18018 17576 17393 15241 15729 16258 16626 16691 16429 15940 15411 15044 14979 6845 7374 7751 7856 7657 7215 6676 6247 6119 6357 6747 7019 7519 8041 8395 8467 8235 7771 7234 6833 11796 12305 12618 12624 12319 11814 11295 10964 10958 11280 16126 16559 17098 17537 17708 17541 17103 16564 16129 15962 3182 3719 4151 4359 4295 3975 3475 2951 2640 2740 9791 10320 10809 11081 11043 10707 10190 9682 9386 9428 
6988 7372 7906 8382 8634 8583 8245 7729 7220 6928 1025 1411 1659 1745 1659 1411 1025 538 62831 538 9046 9578 9968 10082 9882 9434 8896 8472 8344 8568 9945 10333 10867 11342 11585 11513 11149 10623 10130 9866 5289 5819 6307 6590 6585 6295 5803 5275 4926 4932 16565 17060 17585 17941 17986 17704 17204 16681 16332 16288 5473 5535 5927 6463 6932 7179 7129 6798 6286 5773 16466 16898 17437 17877 18048 17880 17441 16902 16468 16302 12727 13157 13696 14138 14319 14172 13751 13213 12762 12574 8032 8528 9052 9413 9489 9257 8791 8254 7855 7767 17767 18184 18721 19176 19370 19221 18793 18254 17810 17626 9926 10368 10907 11338 11508 11358 10940 10402 9948 9763 19584 19953 20481 20971 21227 21140 20748 20213 19742 19504 6693 7183 7467 7458 7158 6661 6136 5798 5810 6164 13491 13938 14476 14902 15056 14880 14440 13902 13469 13311 13368 13902 14293 14397 14174 13708 13172 12771 12664 12894 3196 3409 3898 4425 4807 4941 4793 4399 3869 3389 18069 18484 19021 19478 19672 19524 19095 18557 18113 17928 15579 16057 16590 16974 17061 16816 16336 15804 15422 15336 6943 7478 7883 8026 7864 7445 6908 6454 6281 6476 7225 7513 8019 8537 8879 8933 8682 8207 7673 7288 11768 12286 12623 12659 12381 11887 11361 11005 10966 11262 16624 17050 17588 18035 18215 18057 17624 17085 16646 16470 3401 3937 4405 4666 4655 4375 3895 3361 2997 3013 10106 10630 11129 11423 11409 11091 10582 10066 9749 9765 
7435 7801 8331 8817 9088 9056 8732 8221 7707 7398 538 1025 1411 1659 1745 1659 1411 1025 538 62831 8803 9340 9751 9896 9727 9300 8761 8316 8152 8343 10460 10840 11372 11852 12103 12039 11680 11155 10659 10389 5310 5828 6335 6658 6700 6450 5980 5444 5054 5000 16468 16951 17482 17859 17934 17676 17189 16660 16289 16216 6003 6072 6466 7002 7470 7714 7657 7318 6803 6293 16900 17322 17860 18310 18497 18344 17914 17375 16933 16752 13255 13681 14220 14665 14851 14708 14289 13751 13298 13107 8210 8690 9222 9607 9716 9512 9063 8524 8103 7979 17878 18275 18809 19280 19501 19382 18972 18434 17975 17764 10294 10721 11260 11705 11896 11766 11361 10826 10360 10154 19825 20173 20695 21196 21479 21421 21050 20518 20034 19773 6312 6815 7127 7153 6885 6404 5871 5500 5468 5791 13824 14256 14795 15235 15410 15255 14827 14288 13844 13665 13089 13626 14034 14163 13965 13513 12975 12556 12422 12627 3706 3889 4361 4894 5296 5451 5318 4933 4404 3919 18448 18848 19384 19852 20067 19939 19522 18984 18531 18327 15607 16071 16608 17011 17127 16909 16442 15906 15505 15390 6742 7280 7711 7891 7767 7376 6844 6366 6149 6299 7757 8038 8542 9062 9409 9469 9220 8746 8211 7825 11438 11962 12319 12380 12125 11643 11111 10735 10669 10941 16905 17315 17852 18313 18516 18382 17963 17425 16973 16775 3368 3892 4392 4708 4760 4536 4091 3553 3129 3050 10123 10637 11148 11468 11485 11194 10695 10171 9827 9808 
10052 9846 9989 10417 10956 11399 11589 11458 11053 10517 8333 7798 7405 7330 7608 8110 8631 8981 9046 8803 62831 538 1025 1411 1659 1745 1659 1411 1025 538 13484 13420 13687 14179 14706 15069 15131 14870 14382 13853 4833 4437 4380 4695 5215 5720 6039 6081 5835 5370 8040 8443 8980 9443 9670 9588 9221 8695 8202 7945 12936 12624 12638 12970 13490 13995 14297 14284 13961 13447 15030 15052 15387 15905 16411 16710 16688 16353 15834 15329 16015 16050 16393 16914 17416 17706 17671 17323 16799 16301 6019 5881 6112 6597 7126 7508 7620 7430 6994 6456 10886 11043 11478 12017 12454 12631 12485 12068 11530 11075 9746 9673 9943 10440 10965 11322 11388 11140 10663 10129 13857 13886 14229 14751 15252 15543 15514 15176 14656 14152 3267 2792 2256 1893 1960 2402 2939 3370 3590 3553 11012 11041 11390 11915 12411 12697 12670 12339 11823 11314 4361 4884 5250 5359 5182 4765 4229 3772 3619 3863 9835 9424 9313 9550 10032 10563 10946 11046 10831 10372 14888 14906 15237 15755 16262 16565 16547 16216 15698 15191 8185 8458 8957 9480 9834 9901 9658 9185 8650 8261 2166 1680 1532 1857 2389 2876 3187 3261 3086 2693 12681 12497 12653 13085 13624 14064 14241 14091 13669 13131 3139 3548 3734 3659 3338 2842 2315 2006 2138 2606 12222 12286 12657 13188 13673 13933 13872 13512 12986 12492 5933 5444 5207 5344 5783 6321 6755 6945 6837 6461 4194 4306 4737 5275 5716 5922 5839 5488 4970 4464 
10345 10112 10225 10634 11172 11631 11846 11742 11356 10823 8871 8335 7941 7859 8129 8627 9150 9507 9578 9340 538 62831 538 1025 1411 1659 1745 1659 1411 1025 13700 13609 13851 14331 14863 15246 15335 15098 14622 14088 5262 4840 4738 5011 5516 6035 6385 6464 6249 5800 7523 7919 8455 8923 9160 9089 8734 8211 7712 7441 13384 13059 13054 13371 13884 14396 14713 14718 14409 13901 14869 14864 15177 15688 16202 16524 16529 16216 15705 15191 16151 16157 16477 16990 17502 17817 17810 17484 16968 16460 6184 5999 6183 6645 7181 7592 7745 7593 7182 6646 10455 10593 11018 11557 12003 12197 12069 11665 11129 10663 9840 9733 9973 10455 10986 11368 11465 11245 10783 10246 13456 13466 13794 14312 14819 15125 15115 14793 14279 13768 3747 3252 2725 2402 2497 2940 3478 3908 4117 4059 10891 10889 11214 11731 12238 12549 12551 12244 11738 11219 3850 4367 4723 4823 4644 4228 3693 3233 3085 3344 10300 9878 9747 9965 10436 10970 11367 11487 11287 10838 14619 14612 14924 15434 15949 16271 16279 15968 15458 14943 7752 8005 8497 9024 9393 9480 9258 8798 8260 7853 2675 2169 1940 2163 2668 3186 3553 3685 3556 3192 13031 12825 12957 13374 13912 14365 14565 14438 14029 13493 2760 3125 3265 3154 2813 2309 1788 1521 1736 2244 11932 11971 12324 12850 13345 13625 13589 13249 12729 12225 6440 5943 5686 5796 6217 6755 7204 7416 7327 6964 4088 4131 4522 5058 5527 5779 5747 5439 4940 4416 
10332 10070 10149 10536 11070 11545 11789 11716 11352 10825 9294 8756 8345 8237 8480 8967 9496 9873 9968 9751 1025 538 62831 538 1025 1411 1659 1745 1659 1411 13592 13472 13689 14155 14691 15093 15210 14998 14537 14000 5455 5002 4841 5060 5542 6072 6459 6584 6412 5993 7015 7422 7959 8420 8645 8565 8204 7680 7183 6921 13577 13230 13196 13489 13993 14513 14853 14886 14600 14101 14439 14417 14717 15223 15741 16075 16097 15799 15294 14775 15954 15934 16233 16737 17257 17592 17613 17309 16802 16285 6056 5825 5964 6401 6940 7375 7565 7452 7070 6540 9917 10055 10481 11019 11465 11658 11532 11129 10594 10127 9622 9485 9696 10165 10700 11101 11226 11033 10587 10049 12920 12928 13256 13773 14280 14587 14580 14260 13748 13235 4277 3787 3258 2917 2970 3380 3919 4373 4611 4577 10494 10470 10779 11290 11804 12129 12151 11862 11364 10840 3572 4068 4380 4433 4214 3774 3235 2805 2722 3045 10529 10088 9927 10113 10568 11105 11523 11671 11500 11067 14128 14110 14413 14921 15438 15768 15787 15486 14981 14462 7214 7467 7959 8486 8854 8943 8723 8266 7728 7317 3028 2499 2172 2272 2723 3259 3684 3888 3829 3519 13081 12848 12950 13348 13883 14352 14579 14480 14091 13558 2762 3047 3097 2903 2498 1968 1492 1388 1755 2293 11434 11461 11808 12331 12830 13118 13092 12762 12246 11737 6761 6250 5956 6020 6410 6946 7416 7663 7611 7275 3734 3724 4082 4614 5099 5383 5390 5118 4641 4106 
10020 9733 9786 10156 10687 11172 11436 11388 11043 10523 9458 8919 8485 8340 8548 9018 9552 9953 10082 9896 1411 1025 538 62831 538 1025 1411 1659 1745 1659 13199 13060 13259 13717 14254 14667 14802 14608 14158 13620 5363 4881 4664 4829 5286 5823 6239 6408 6281 5893 6728 7158 7697 8138 8334 8223 7840 7310 6827 6596 13445 13076 13014 13283 13777 14303 14664 14724 14462 13975 13900 13878 14180 14687 15204 15537 15559 15261 14757 14237 15500 15466 15753 16252 16775 17122 17157 16867 16366 15844 5669 5407 5514 5935 6474 6922 7135 7050 6690 6168 9475 9633 10072 10611 11045 11220 11076 10663 10126 9667 9165 9010 9206 9668 10205 10614 10754 10576 10141 9603 12453 12476 12817 13339 13841 14134 14111 13781 13264 12756 4672 4203 3666 3279 3256 3612 4144 4629 4915 4931 9960 9933 10240 10752 11265 11591 11616 11331 10835 10310 3686 4148 4400 4385 4105 3626 3092 2726 2751 3148 10444 9985 9792 9947 10384 10922 11358 11536 11394 10981 13600 13588 13899 14409 14924 15248 15260 14955 14448 13930 6774 7050 7553 8073 8424 8491 8253 7787 7250 6853 3156 2617 2202 2170 2546 3083 3553 3828 3846 3605 12814 12558 12635 13016 13549 14029 14277 14202 13831 13303 3145 3366 3337 3063 2598 2060 1679 1735 2178 2715 10910 10946 11300 11826 12320 12601 12567 12232 11715 11207 6801 6277 5942 5954 6309 6838 7328 7611 7601 7300 3220 3191 3544 4075 4561 4851 4870 4615 4149 3612 
9513 9217 9261 9626 10155 10643 10913 10874 10537 10020 9309 8772 8317 8137 8312 8764 9301 9722 9882 9727 1659 1411 1025 538 62831 538 1025 1411 1659 1745 12665 12523 12721 13178 13715 14129 14266 14075 13627 13089 5008 4507 4251 4377 4816 5355 5789 5985 5890 5529 6795 7251 7788 8205 8363 8214 7804 7268 6806 6618 13035 12653 12573 12827 13314 13844 14216 14293 14047 13568 13458 13454 13770 14283 14795 15113 15118 14807 14298 13782 14963 14930 15220 15722 16244 16587 16619 16329 15827 15305 5138 4870 4976 5398 5937 6384 6597 6515 6162 5642 9313 9503 9961 10498 10912 11057 10884 10452 9914 9473 8627 8475 8678 9143 9679 10084 10219 10038 9603 9064 12237 12289 12652 13180 13670 13940 13890 13539 13016 12517 4822 4388 3850 3412 3301 3588 4103 4613 4951 5027 9488 9479 9802 10320 10827 11139 11147 10849 10348 9826 4124 4561 4772 4706 4379 3874 3354 3052 3151 3585 10074 9603 9387 9521 9945 10484 10931 11127 11006 10609 13238 13248 13577 14095 14602 14907 14897 14575 14062 13550 6625 6939 7456 7964 8284 8314 8044 7560 7028 6661 3036 2507 2026 1869 2164 2689 3188 3517 3604 3432 12326 12059 12126 12500 13031 13515 13772 13708 13346 12820 3681 3891 3837 3531 3042 2511 2179 2270 2716 3253 10564 10626 10999 11531 12014 12273 12216 11863 11340 10841 6549 6016 5647 5617 5941 6462 6965 7276 7301 7031 2710 2722 3112 3650 4115 4375 4367 4094 3620 3084 
8995 8709 8766 9142 9674 10155 10414 10363 10019 9499 8896 8361 7894 7691 7846 8287 8825 9257 9434 9300 1745 1659 1411 1025 538 62831 538 1025 1411 1659 12191 12064 12278 12744 13280 13682 13804 13599 13144 12606 4490 3983 3715 3839 4280 4818 5250 5447 5359 5007 7183 7654 8189 8588 8719 8542 8112 7573 7131 6976 12499 12115 12034 12290 12778 13307 13678 13755 13510 13032 13284 13308 13648 14169 14671 14966 14943 14610 14093 13586 14545 14531 14838 15347 15863 16191 16204 15898 15391 14874 4656 4415 4556 5003 5541 5968 6153 6046 5675 5150 9501 9722 10196 10730 11124 11240 11038 10588 10049 9629 8216 8090 8318 8798 9330 9717 9828 9626 9177 8639 12361 12442 12826 13360 13837 14082 14004 13631 13102 12615 4693 4300 3770 3289 3097 3313 3803 4330 4710 4842 9272 9296 9645 10171 10667 10953 10931 10609 10097 9584 4662 5099 5306 5228 4887 4374 3862 3579 3689 4123 9547 9072 8852 8983 9406 9945 10392 10591 10474 10080 13183 13224 13576 14101 14597 14878 14839 14494 13973 13471 6840 7187 7713 8208 8499 8492 8190 7690 7167 6833 2689 2185 1664 1408 1646 2162 2671 3025 3154 3035 11797 11535 11610 11992 12524 13004 13253 13181 12816 12288 4151 4389 4359 4065 3579 3048 2699 2748 3160 3699 10541 10635 11032 11567 12036 12268 12180 11804 11274 10789 6077 5541 5155 5104 5417 5935 6442 6763 6802 6549 2453 2568 3020 3556 3979 4177 4106 3781 3280 2757 
8673 8413 8503 8902 9438 9905 10137 10057 9692 9166 8360 7825 7356 7152 7309 7753 8291 8721 8896 8761 1659 1745 1659 1411 1025 538 62831 538 1025 1411 11965 11866 12106 12586 13118 13501 13595 13366 12897 12362 3985 3488 3254 3424 3893 4426 4832 4997 4879 4508 7719 8192 8725 9122 9247 9062 8625 8086 7650 7505 12038 11666 11603 11875 12371 12896 13253 13313 13053 12569 13449 13501 13861 14389 14881 15153 15102 14748 14223 13726 14408 14423 14753 15271 15778 16082 16067 15739 15223 14714 4440 4257 4462 4940 5471 5864 6002 5848 5443 4908 9958 10195 10676 11208 11591 11691 11472 11011 10474 10067 8109 8021 8285 8781 9305 9667 9744 9510 9043 8507 12774 12874 13270 13805 14275 14504 14407 14020 13488 13010 4315 3959 3443 2935 2680 2844 3316 3849 4252 4421 9405 9464 9838 10370 10852 11112 11058 10711 10190 9688 5097 5553 5785 5730 5403 4896 4378 4074 4149 4559 9056 8590 8386 8536 8972 9511 9947 10129 9996 9592 13459 13524 13895 14424 14911 15171 15107 14743 14216 13725 7316 7677 8207 8695 8971 8945 8625 8117 7601 7286 2184 1700 1166 870 1144 1676 2165 2496 2615 2506 11431 11190 11290 11689 12225 12693 12920 12826 12444 11913 4417 4705 4725 4472 4009 3471 3076 3046 3400 3932 10849 10970 11383 11921 12377 12586 12474 12080 11546 11073 5541 5006 4627 4592 4921 5445 5944 6251 6278 6016 2622 2835 3328 3853 4232 4368 4230 3850 3325 2833 
8686 8461 8589 9011 9550 9998 10199 10086 9696 9164 7900 7364 6906 6727 6911 7371 7908 8320 8472 8316 1411 1659 1745 1659 1411 1025 538 62831 538 1025 12078 12009 12275 12768 13295 13657 13723 13468 12985 12454 3722 3258 3102 3353 3857 4376 4736 4842 4668 4257 8191 8654 9190 9598 9739 9566 9137 8598 8155 7994 11835 11485 11452 11751 12258 12775 13110 13141 12857 12360 13886 13954 14326 14856 15342 15600 15533 15165 14637 14148 14606 14648 14999 15523 16020 16303 16261 15912 15388 14889 4609 4486 4744 5244 5766 6126 6219 6020 5583 5044 10495 10729 11208 11740 12127 12229 12011 11549 11012 10605 8354 8301 8593 9100 9617 9957 10003 9742 9260 8728 13311 13413 13809 14344 14814 15042 14944 14554 14021 13545 3789 3449 2942 2424 2146 2307 2785 3315 3714 3884 9829 9909 10297 10831 11305 11548 11476 11113 10587 10093 5300 5781 6055 6044 5751 5260 4731 4385 4399 4767 8803 8354 8183 8368 8825 9362 9778 9928 9765 9341 13955 14031 14408 14940 15423 15674 15599 15226 14696 14210 7849 8205 8733 9224 9505 9483 9164 8655 8139 7823 1664 1166 639 527 1008 1531 1938 2171 2201 2025 11378 11166 11297 11717 12255 12707 12906 12782 12380 11844 4415 4757 4839 4643 4216 3678 3232 3109 3390 3904 11361 11490 11908 12446 12899 13101 12979 12577 12041 11574 5154 4626 4282 4302 4674 5208 5686 5956 5942 5647 3100 3347 3849 4369 4732 4840 4669 4259 3725 3259 
9030 8831 8984 9422 9960 10395 10574 10437 10029 9493 7713 7174 6741 6604 6831 7312 7843 8229 8344 8152 1025 1411 1659 1745 1659 1411 1025 538 62831 538 12485 12435 12717 13216 13739 14089 14137 13865 13373 12845 3851 3433 3357 3671 4194 4695 5014 5066 4839 4389 8438 8882 9421 9849 10019 9874 9462 8926 8466 8274 11974 11647 11645 11967 12483 12992 13304 13307 12999 12492 14425 14492 14862 15392 15879 16139 16072 15703 15174 14686 15061 15118 15479 16006 16498 16769 16712 16350 15823 15331 5069 4975 5253 5760 6277 6625 6698 6476 6023 5484 10910 11125 11593 12128 12529 12650 12449 11997 11459 11040 8842 8804 9106 9617 10131 10462 10495 10221 9732 9203 13768 13854 14238 14770 15249 15492 15408 15029 14498 14016 3297 2934 2419 1911 1685 1930 2443 2954 3309 3430 10368 10447 10834 11367 11843 12087 12014 11649 11122 10630 5219 5723 6040 6080 5832 5365 4828 4435 4381 4698 8897 8470 8336 8555 9030 9564 9957 10076 9881 9436 14480 14549 14920 15449 15936 16195 16127 15757 15228 14740 8242 8576 9098 9600 9902 9902 9601 9100 8578 8243 1410 872 528 853 1392 1857 2164 2274 2172 1871 11659 11472 11628 12063 12602 13040 13216 13069 12649 12111 4147 4533 4673 4536 4153 3627 3138 2928 3132 3619 11874 11994 12404 12941 13400 13611 13498 13101 12566 12096 5103 4591 4301 4389 4806 5344 5796 6019 5954 5616 3630 3860 4352 4878 5253 5373 5207 4798 4263 3798 
