NAME: sphere_band_rand_nol_25x10
COMMENT: type = band, neigh_ang = 0.0872664625997, neigh_size = 10
COMMENT: sphere_limit = 1.0471975512, rect_limit = [-1.0471975512, 0.785398163397, -0.785398163397, 1.57079632679]
TYPE: GTSP
DIMENSION: 250
GTSP_SETS: 25
EDGE_WEIGHT_TYPE: EXPLICIT
EDGE_WEIGHT_FORMAT: FULL_MATRIX
EDGE_WEIGHT_SECTION:
62831 538 1025 1411 1659 1745 1659 1411 1025 538 18515 19034 19365 19374 19058 18544 18033 17714 17706 18010 28706 28358 27826 27341 27047 27015 27254 27706 28245 28657 13991 14529 14948 15092 14905 14459 13920 13495 13348 13539 6801 7313 7643 7689 7437 6963 6428 6043 5987 6288 12255 12792 13207 13348 13164 12721 12183 11753 11604 11798 20268 20701 20852 20656 20198 19661 19248 19108 19290 19730 3843 3480 2963 2457 2221 2423 2916 3440 3821 3966 7380 7917 8379 8607 8529 8170 7647 7149 6883 6975 15767 16230 16442 16323 15918 15381 14918 14704 14824 15230 17959 18483 18830 18861 18565 18059 17541 17204 17173 17461 6174 5793 5264 4777 4552 4708 5161 5699 6119 6294 25025 24878 24438 23900 23467 23283 23406 23796 24329 24807 29646 29876 29624 29107 28599 28250 28131 28263 28622 29135 16022 16558 16962 17077 16858 16392 15856 15454 15340 15557 9749 10251 10551 10547 10241 9737 9217 8888 8892 9228 30849 30817 30649 30456 30305 30231 30247 30350 30520 30715 5258 5366 5788 6327 6775 6987 6901 6542 6020 5520 10076 10522 10716 10595 10198 9663 9192 8976 9111 9538 3119 2664 2539 2833 3353 3858 4190 4268 4075 3655 20578 21092 21407 21389 21047 20524 20024 19731 19748 20067 3606 4144 4608 4860 4838 4547 4060 3529 3179 3212 12093 12587 12867 12831 12494 11975 11469 11174 11212 11567 25063 25537 25743 25577 25124 24586 24166 23998 24133 24530 22007 22482 23016 23403 23472 23193 22691 22170 21821 21760 
538 62831 538 1025 1411 1659 1745 1659 1411 1025 18983 19505 19848 19870 19563 19052 18538 18211 18190 18482 28495 28085 27546 27092 26853 26886 27183 27672 28202 28546 13459 13997 14414 14554 14366 13920 13382 12956 12811 13004 6309 6815 7134 7167 6907 6430 5896 5517 5475 5790 12675 13213 13639 13797 13628 13194 12655 12216 12052 12229 20807 21239 21387 21187 20725 20189 19780 19644 19828 20268 4344 3958 3431 2944 2743 2961 3454 3979 4356 4488 6851 7388 7853 8091 8026 7678 7159 6654 6375 6453 16288 16754 16973 16858 16454 15918 15453 15236 15350 15752 17473 17994 18331 18352 18048 17540 17023 16694 16673 16970 6711 6326 5796 5313 5090 5244 5693 6231 6655 6832 24678 24498 24041 23504 23089 22933 23085 23498 24035 24494 30107 30209 29824 29285 28825 28549 28505 28698 29098 29625 15503 16039 16437 16547 16324 15856 15320 14921 14812 15035 9285 9780 10067 10049 9733 9225 8708 8389 8409 8759 30540 30296 30139 30091 30161 30337 30593 30867 30993 30818 5574 5636 6027 6563 7032 7279 7229 6898 6386 5873 10568 11021 11226 11114 10722 10189 9713 9489 9612 10030 3618 3142 2964 3197 3695 4218 4587 4707 4549 4149 20108 20617 20920 20889 20537 20012 19516 19233 19261 19592 3075 3612 4083 4352 4355 4091 3624 3087 2701 2696 11647 12134 12399 12350 12002 11480 10979 10696 10749 11117 25596 26073 26281 26114 25657 25120 24703 24537 24670 25063 21495 21975 22508 22886 22946 22661 22157 21637 21292 21239 
1025 538 62831 538 1025 1411 1659 1745 1659 1411 19198 19727 20091 20141 19857 19355 18834 18487 18439 18709 28522 28057 27522 27112 26935 27033 27383 27897 28407 28672 13080 13616 14019 14141 13936 13481 12943 12529 12402 12614 6063 6553 6838 6836 6545 6053 5525 5177 5180 5534 12824 13363 13806 13990 13847 13429 12892 12437 12246 12395 21245 21688 21854 21669 21215 20678 20260 20109 20277 20707 4865 4490 3964 3471 3246 3425 3898 4431 4832 4990 6364 6902 7359 7582 7505 7150 6629 6128 5858 5953 16630 17108 17345 17250 16860 16326 15852 15617 15710 16097 17213 17726 18043 18039 17716 17200 16691 16380 16384 16701 7174 6805 6280 5786 5538 5659 6087 6626 7069 7272 24607 24386 23907 23375 22986 22867 23056 23493 24032 24467 30646 30660 30179 29654 29249 29029 29024 29235 29634 30156 15168 15701 16084 16172 15931 15453 14920 14535 14446 14689 9082 9563 9822 9775 9435 8917 8411 8119 8174 8549 30001 29792 29742 29855 30122 30513 30991 31292 30798 30348 5616 5624 5977 6506 6996 7282 7276 6979 6484 5958 10847 11314 11543 11456 11082 10553 10065 9816 9912 10311 3939 3435 3182 3333 3794 4329 4744 4921 4817 4458 19873 20372 20650 20591 20219 19689 19204 18942 18998 19350 2598 3137 3589 3835 3822 3553 3085 2548 2166 2188 11470 11944 12184 12107 11738 11211 10720 10463 10546 10936 25966 26460 26705 26570 26130 25592 25159 24968 25071 25441 21170 21661 22189 22546 22577 22270 21758 21245 20919 20890 
1411 1025 538 62831 538 1025 1411 1659 1745 1659 19074 19608 19994 20075 19818 19329 18801 18431 18354 18598 28782 28279 27759 27394 27273 27421 27807 28334 28822 29017 13004 13536 13919 14013 13782 13312 12777 12381 12284 12524 6182 6650 6896 6847 6518 6008 5493 5191 5252 5645 12650 13187 13646 13856 13741 13343 12808 12338 12119 12239 21404 21865 22062 21908 21471 20932 20496 20318 20457 20867 5228 4885 4372 3860 3580 3691 4127 4665 5102 5307 6128 6666 7100 7289 7177 6798 6269 5782 5550 5689 16662 17152 17415 17349 16979 16450 15963 15702 15768 16134 17273 17777 18070 18036 17689 17166 16667 16380 16413 16753 7410 7071 6556 6046 5757 5829 6225 6762 7228 7468 24832 24572 24076 23551 23189 23105 23326 23783 24321 24732 30972 31184 30654 30159 29783 29564 29525 29671 29986 30438 15145 15672 16035 16095 15828 15338 14810 14445 14385 14653 9230 9695 9924 9842 9475 8949 8456 8199 8292 8693 29531 29422 29505 29772 30194 30718 31163 30794 30261 29822 5375 5334 5653 6172 6677 6993 7025 6764 6287 5753 10816 11299 11557 11501 11150 10628 10128 9848 9910 10285 4010 3483 3155 3217 3630 4169 4621 4856 4814 4505 19954 20440 20690 20598 20204 19669 19198 18964 19050 19424 2428 2959 3360 3540 3463 3144 2650 2122 1810 1952 11637 12096 12309 12202 11812 11278 10802 10574 10689 11100 25996 26510 26809 26735 26330 25792 25333 25098 25154 25485 21141 21646 22166 22494 22488 22152 21630 21129 20829 20834 
1659 1411 1025 538 62831 538 1025 1411 1659 1745 18661 19197 19597 19701 19464 18986 18453 18067 17969 18194 29231 28709 28207 27873 27782 27950 28344 28872 29355 29519 13261 13788 14152 14219 13964 13481 12950 12575 12505 12769 6607 7059 7277 7196 6840 6318 5817 5551 5652 6068 12214 12750 13218 13445 13350 12966 12433 11954 11715 11816 21214 21691 21919 21799 21383 20845 20391 20183 20292 20681 5331 5034 4543 4014 3671 3703 4090 4626 5096 5353 6257 6792 7198 7346 7192 6782 6246 5784 5601 5791 16370 16870 17155 17115 16765 16241 15743 15460 15500 15847 17633 18129 18402 18344 17979 17450 16961 16695 16751 17108 7348 7043 6544 6020 5688 5708 6069 6599 7086 7363 25287 25003 24497 23979 23635 23572 23810 24276 24813 25211 30595 31099 31192 30679 30236 29908 29728 29713 29865 30169 15443 15965 16309 16343 16054 15554 15032 14687 14652 14942 9664 10117 10326 10221 9837 9305 8824 8591 8709 9126 29218 29233 29452 29849 30367 30863 30806 30287 29781 29408 4914 4845 5146 5660 6171 6501 6554 6314 5851 5313 10488 10981 11262 11233 10905 10391 9880 9575 9607 9961 3814 3277 2887 2870 3237 3771 4249 4527 4539 4280 20323 20799 21026 20908 20496 19958 19501 19290 19399 19790 2686 3193 3534 3635 3476 3089 2564 2074 1894 2168 12078 12527 12722 12595 12191 11655 11190 10981 11117 11539 25670 26196 26536 26518 26153 25621 25138 24863 24876 25174 21420 21934 22445 22747 22708 22345 21816 21327 21054 21089 
1745 1659 1411 1025 538 62831 538 1025 1411 1659 18123 18660 19062 19169 18938 18463 17929 17539 17436 17658 29770 29245 28745 28408 28298 28435 28794 29305 29818 30042 13748 14273 14627 14680 14411 13921 13393 13029 12975 13252 7145 7597 7811 7723 7359 6834 6338 6082 6189 6607 11676 12211 12680 12908 12816 12435 11904 11422 11179 11278 20758 21243 21489 21391 20990 20454 19988 19761 19851 20228 5149 4901 4439 3901 3503 3458 3794 4322 4816 5118 6688 7219 7606 7726 7542 7110 6572 6131 5985 6207 15868 16372 16667 16640 16301 15780 15277 14982 15009 15348 18159 18652 18919 18851 18478 17947 17463 17205 17270 17633 7005 6731 6247 5715 5350 5328 5661 6185 6684 6988 25825 25542 25034 24518 24173 24108 24342 24803 25341 25744 30058 30583 31044 30791 30252 29784 29462 29324 29385 29640 15947 16467 16802 16824 16524 16018 15499 15165 15144 15442 10203 10656 10863 10754 10365 9833 9355 9126 9248 9665 29104 29250 29590 30078 30611 30831 30422 29885 29444 29172 4376 4315 4628 5147 5652 5973 6018 5775 5312 4775 9974 10471 10762 10746 10430 9921 9405 9087 9104 9449 3395 2856 2428 2362 2708 3241 3726 4022 4061 3836 20851 21324 21543 21415 20995 20456 20005 19804 19921 20317 3197 3691 4003 4061 3854 3425 2888 2443 2346 2669 12616 13065 13260 13130 12723 12187 11724 11518 11656 12078 25148 25677 26030 26036 25692 25165 24671 24377 24372 24658 21911 22430 22935 23223 23164 22787 22254 21774 21517 21568 
1659 1745 1659 1411 1025 538 62831 538 1025 1411 17667 18201 18593 18686 18444 17963 17431 17049 16959 17194 30178 29689 29164 28771 28583 28631 28907 29366 29904 30291 14277 14803 15161 15217 14950 14459 13931 13567 13510 13783 7591 8055 8288 8217 7864 7343 6841 6568 6653 7054 11239 11776 12235 12449 12341 11951 11418 10942 10713 10829 20220 20705 20951 20853 20455 19919 19451 19222 19313 19690 4728 4519 4083 3545 3108 3008 3309 3829 4334 4662 7227 7758 8144 8260 8069 7631 7093 6658 6520 6745 15347 15848 16138 16106 15764 15243 14741 14449 14481 14825 18653 19151 19427 19369 19001 18472 17984 17720 17775 18129 6489 6227 5752 5217 4838 4801 5126 5649 6150 6460 26237 25983 25487 24963 24598 24505 24709 25151 25690 26119 29609 30148 30515 30330 29813 29306 28943 28786 28857 29146 16467 16988 17329 17356 17059 16554 16035 15698 15671 15965 10641 11104 11327 11233 10855 10325 9840 9597 9700 10104 29203 29468 29903 30438 30863 30654 30121 29633 29291 29142 3974 3965 4320 4851 5338 5623 5630 5356 4876 4343 9463 9956 10239 10216 9895 9385 8870 8557 8583 8936 2859 2321 1889 1845 2225 2763 3229 3503 3527 3297 21341 21820 22051 21933 21518 20981 20525 20315 20422 20809 3711 4213 4537 4600 4389 3953 3415 2979 2882 3189 13048 13507 13717 13602 13204 12669 12199 11979 12100 12511 24646 25171 25512 25506 25156 24628 24136 23848 23853 24149 22439 22956 23464 23757 23702 23325 22792 22313 22054 22101 
1411 1659 1745 1659 1411 1025 538 62831 538 1025 17460 17990 18362 18429 18164 17672 17145 16781 16716 16974 30118 29743 29205 28740 28458 28410 28603 29005 29533 30012 14648 15178 15551 15626 15375 14892 14361 13984 13907 14162 7797 8278 8542 8505 8178 7666 7153 6847 6891 7264 11079 11618 12061 12248 12113 11703 11167 10705 10505 10650 19805 20280 20508 20393 19984 19447 18987 18773 18880 19271 4192 3991 3566 3029 2580 2469 2777 3301 3801 4124 7667 8202 8603 8738 8563 8134 7596 7151 6994 7198 15005 15497 15769 15717 15360 14835 14339 14065 14118 14478 18923 19430 19728 19696 19346 18822 18325 18040 18071 18406 5981 5707 5225 4692 4325 4312 4660 5189 5680 5971 26328 26125 25651 25118 24721 24583 24744 25158 25694 26154 29321 29837 30068 29801 29277 28776 28437 28324 28456 28812 16803 17330 17687 17736 17456 16959 16435 16082 16035 16309 10825 11303 11552 11487 11129 10604 10108 9837 9909 10291 29504 29864 30358 30888 30962 30451 29941 29554 29339 29322 3915 3981 4387 4925 5383 5620 5573 5253 4749 4228 9158 9639 9898 9850 9509 8992 8485 8195 8250 8626 2403 1865 1497 1589 2055 2587 3000 3202 3157 2873 21596 22088 22347 22258 21862 21326 20857 20623 20703 21070 4063 4583 4942 5043 4863 4446 3910 3452 3305 3560 13215 13688 13923 13835 13455 12924 12441 12196 12289 12681 24336 24852 25162 25119 24744 24211 23731 23468 23504 23827 22797 23304 23821 24140 24114 23756 23227 22737 22458 22480 
1025 1411 1659 1745 1659 1411 1025 538 62831 538 17579 18103 18454 18491 18200 17697 17176 16834 16798 17082 29652 29361 28837 28337 28006 27915 28080 28469 28996 29484 14722 15257 15650 15753 15527 15057 14522 14125 14020 14250 7699 8197 8494 8495 8200 7703 7178 6836 6835 7174 11265 11803 12228 12387 12223 11795 11256 10812 10642 10817 19659 20119 20319 20175 19748 19209 18765 18577 18712 19122 3738 3503 3059 2521 2097 2056 2430 2967 3438 3715 7865 8403 8827 8993 8850 8441 7905 7442 7249 7416 14973 15454 15700 15619 15242 14711 14227 13978 14060 14441 18860 19376 19700 19699 19374 18857 18349 18039 18040 18352 5695 5384 4884 4361 4036 4086 4480 5017 5483 5732 26049 25894 25445 24907 24482 24306 24431 24819 25350 25831 29228 29680 29753 29382 28845 28375 28093 28056 28269 28692 16826 17358 17737 17815 17561 17075 16545 16172 16095 16345 10691 11183 11459 11425 11092 10576 10067 9768 9805 10163 29965 30381 30895 31313 30793 30294 29902 29657 29584 29690 4234 4354 4790 5328 5765 5966 5876 5519 4999 4496 9192 9656 9884 9801 9433 8907 8414 8158 8253 8655 2285 1776 1553 1810 2328 2835 3182 3298 3162 2800 21508 22013 22302 22250 21879 21348 20864 20600 20647 20989 4169 4702 5104 5260 5130 4749 4221 3733 3515 3697 13057 13543 13804 13744 13385 12860 12365 12093 12156 12527 24312 24813 25082 24992 24585 24048 23588 23360 23435 23791 22828 23321 23848 24200 24218 23892 23372 22868 22558 22543 
538 1025 1411 1659 1745 1659 1411 1025 538 62831 17980 18500 18834 18849 18539 18028 17514 17190 17175 17475 29120 28823 28301 27799 27470 27391 27579 27992 28527 28989 14472 15009 15420 15549 15348 14892 14354 13939 13808 14013 7327 7836 8158 8191 7924 7442 6910 6539 6500 6811 11717 12254 12668 12810 12627 12187 11648 11216 11066 11260 19834 20278 20449 20274 19828 19290 18863 18703 18867 19295 3593 3289 2803 2271 1935 2035 2491 3026 3446 3649 7758 8297 8743 8945 8837 8455 7924 7441 7208 7333 15265 15733 15957 15851 15455 14920 14449 14223 14331 14729 18489 19012 19354 19377 19073 18563 18048 17718 17696 17989 5773 5419 4900 4396 4130 4249 4684 5223 5659 5861 25542 25407 24971 24433 23996 23803 23914 24294 24823 25309 29341 29693 29600 29140 28606 28188 27985 28034 28327 28806 16527 17063 17459 17562 17331 16858 16324 15932 15830 16057 10285 10785 11081 11071 10757 10250 9733 9411 9423 9762 30504 30879 31153 30909 30533 30216 30008 29932 29996 30195 4756 4888 5327 5866 6300 6492 6390 6021 5496 5001 9549 9998 10201 10090 9702 9169 8691 8464 8589 9010 2594 2129 2004 2318 2846 3340 3658 3729 3539 3128 21113 21626 21937 21912 21562 21037 20541 20255 20278 20601 4005 4543 4982 5193 5121 4785 4275 3760 3470 3573 12631 13125 13402 13363 13021 12501 11997 11707 11748 12105 24582 25066 25296 25160 24725 24187 23749 23557 23669 24052 22520 22999 23533 23910 23965 23671 23162 22646 22309 22262 
18515 18983 19198 19074 18661 18123 17667 17460 17579 17980 62831 538 1025 1411 1659 1745 1659 1411 1025 538 14936 15461 15958 16240 16198 15848 15324 14826 14543 14585 27758 27520 27025 26501 26130 26017 26190 26605 27141 27600 25255 25720 25909 25724 25260 24724 24316 24163 24313 24720 6470 5943 5454 5217 5355 5795 6333 6766 6956 6847 5230 5650 6188 6638 6853 6772 6417 5897 5394 5126 16084 16621 17028 17147 16932 16467 15931 15527 15409 15622 23437 23729 23673 23295 22762 22283 22025 22074 22413 22929 3773 3652 3923 4432 4948 5297 5383 5184 4751 4213 26312 25776 25361 25195 25322 25709 26239 26722 26939 26771 13341 13872 14356 14611 14542 14176 13648 13157 12895 12966 18850 19164 19672 20188 20510 20503 20172 19652 19147 18844 11945 12484 12933 13130 13002 12596 12060 11596 11388 11524 27475 27007 26473 26067 25906 26033 26415 26943 27431 27650 28265 28761 28978 28765 28270 27746 27369 27232 27366 27742 12759 13289 13663 13743 13501 13025 12492 12105 12021 12273 13781 13941 13774 13341 12803 12363 12196 12370 12815 13353 8481 8083 7994 8257 8752 9277 9639 9717 9484 9018 15410 15851 16028 15872 15444 14905 14461 14283 14440 14871 23737 23221 22882 22831 23083 23558 24092 24476 24537 24246 21222 21627 21730 21488 21004 20473 20094 20000 20222 20685 30362 30854 31382 30878 30382 29987 29730 29639 29723 29972 7160 7697 8161 8392 8320 7966 7444 6943 6672 6758 22123 21713 21176 20717 20500 20599 20981 21512 21994 22233 
19034 19505 19727 19608 19197 18660 18201 17990 18103 18500 538 62831 538 1025 1411 1659 1745 1659 1411 1025 14400 14925 15421 15701 15659 15310 14787 14288 14004 14047 27727 27422 26903 26397 26071 26014 26241 26691 27230 27647 25787 26256 26447 26260 25793 25259 24853 24702 24849 25252 7009 6481 5992 5752 5881 6312 6851 7291 7489 7384 4898 5289 5825 6294 6543 6501 6179 5673 5154 4843 16537 17075 17491 17624 17421 16962 16425 16014 15883 16082 23935 24212 24136 23743 23207 22737 22497 22562 22912 23433 4066 3880 4088 4570 5100 5489 5625 5473 5071 4538 25813 25280 24879 24735 24889 25297 25832 26297 26480 26285 13783 14311 14802 15070 15016 14660 14134 13639 13364 13420 18312 18627 19136 19651 19971 19965 19634 19115 18610 18305 11410 11949 12397 12591 12463 12058 11522 11058 10850 10987 27140 26648 26122 25746 25630 25804 26221 26757 27214 27372 28778 29285 29516 29292 28787 28269 27903 27771 27899 28262 12250 12778 13145 13218 12971 12493 11960 11577 11499 11760 14320 14480 14312 13878 13339 12901 12735 12908 13352 13890 8985 8576 8471 8717 9204 9733 10109 10202 9982 9522 15924 16370 16554 16403 15977 15439 14993 14809 14960 15386 23217 22704 22375 22337 22603 23086 23618 23988 24032 23729 21761 22165 22266 22020 21533 21004 20628 20537 20761 21224 30550 30774 30907 30824 30610 30394 30241 30177 30215 30347 6623 7160 7624 7861 7797 7450 6932 6427 6145 6224 21640 21221 20682 20231 20028 20143 20537 21071 21545 21767 
19365 19848 20091 19994 19597 19062 18593 18362 18454 18834 1025 538 62831 538 1025 1411 1659 1745 1659 1411 13994 14523 15012 15276 15217 14856 14329 13836 13567 13628 27954 27591 27058 26576 26296 26290 26560 27036 27571 27945 26153 26641 26870 26717 26266 25729 25306 25129 25246 25625 7448 6927 6426 6158 6252 6661 7199 7657 7882 7805 4389 4767 5302 5778 6041 6019 5718 5222 4696 4360 16730 17269 17702 17861 17683 17238 16699 16272 16116 16291 24460 24744 24673 24281 23746 23276 23032 23091 23436 23953 4101 3847 3984 4431 4969 5395 5584 5484 5123 4602 25506 24980 24607 24504 24698 25134 25673 26109 26241 25998 13965 14487 14988 15280 15252 14915 14396 13891 13594 13623 17885 18215 18731 19239 19543 19518 19175 18652 18152 17861 11016 11555 11991 12167 12022 11606 11068 10613 10423 10580 27059 26545 26034 25700 25636 25859 26310 26849 27266 27353 29045 29579 29913 29776 29293 28765 28369 28189 28257 28562 11945 12467 12816 12866 12599 12111 11582 11216 11162 11444 14744 14921 14768 14343 13805 13358 13176 13333 13765 14304 9292 8864 8727 8942 9414 9948 10345 10468 10274 9831 16247 16706 16910 16780 16367 15830 15372 15169 15298 15710 22867 22364 22058 22050 22344 22841 23366 23709 23718 23388 22190 22608 22729 22499 22020 21488 21101 20993 21200 21652 30181 30254 30415 30633 30840 30901 30753 30529 30331 30208 6172 6710 7163 7381 7299 6941 6419 5919 5654 5756 21377 20940 20401 19966 19789 19933 20347 20884 21342 21534 
19374 19870 20141 20075 19701 19169 18686 18429 18491 18849 1411 1025 538 62831 538 1025 1411 1659 1745 1659 13877 14411 14887 15127 15040 14659 14127 13646 13401 13490 28391 27990 27452 26992 26745 26770 27062 27549 28080 28430 26175 26685 26971 26881 26464 25925 25474 25251 25320 25661 7644 7134 6619 6312 6358 6735 7268 7747 8008 7970 3873 4267 4804 5269 5519 5487 5180 4683 4158 3827 16589 17128 17577 17764 17613 17185 16647 16202 16019 16167 24799 25113 25075 24705 24172 23690 23423 23454 23774 24282 3871 3559 3633 4048 4587 5039 5268 5216 4895 4392 25476 24963 24626 24568 24804 25267 25804 26206 26280 25988 13820 14334 14845 15160 15160 14847 14336 13822 13501 13500 17726 18079 18602 19101 19379 19325 18960 18431 17942 17675 10925 11462 11880 12027 11853 11418 10880 10441 10282 10470 27250 26721 26231 25938 25922 26186 26660 27196 27575 27598 28883 29419 29867 29916 29520 28981 28524 28259 28235 28456 11968 12482 12807 12827 12534 12034 11511 11169 11148 11457 14896 15098 14972 14564 14027 13565 13358 13487 13902 14440 9301 8852 8679 8859 9312 9850 10269 10424 10263 9839 16255 16728 16959 16858 16464 15929 15457 15228 15329 15721 22801 22313 22037 22066 22389 22899 23414 23725 23692 23331 22332 22772 22927 22729 22265 21729 21322 21183 21360 21793 29642 29750 30020 30427 30930 31344 30805 30321 29943 29709 6008 6546 6973 7153 7033 6647 6117 5634 5412 5562 21423 20966 20429 20013 19867 20040 20474 21012 21452 21612 
19058 19563 19857 19818 19464 18938 18444 18164 18200 18539 1659 1411 1025 538 62831 538 1025 1411 1659 1745 14095 14632 15095 15310 15196 14796 14260 13792 13573 13690 28929 28521 27982 27528 27283 27303 27584 28061 28596 28962 25841 26365 26694 26661 26283 25749 25272 25009 25035 25342 7537 7042 6516 6171 6170 6513 7039 7535 7829 7830 3576 4012 4550 4987 5193 5118 4778 4266 3753 3468 16170 16707 17166 17371 17240 16826 16289 15832 15630 15759 24796 25148 25160 24825 24301 23802 23500 23491 23777 24268 3426 3080 3121 3521 4059 4520 4767 4740 4445 3957 25733 25234 24930 24909 25177 25657 26190 26563 26590 26257 13401 13909 14426 14756 14776 14480 13977 13456 13118 13097 17894 18267 18797 19284 19537 19453 19066 18532 18056 17814 11174 11709 12108 12227 12026 11575 11036 10617 10488 10704 27670 27134 26662 26398 26409 26693 27176 27709 28068 28051 28407 28935 29420 29583 29292 28768 28268 27937 27847 28015 12310 12816 13122 13117 12803 12293 11778 11457 11462 11792 14718 14946 14847 14458 13925 13449 13215 13316 13713 14248 9010 8544 8342 8495 8933 9472 9906 10086 9951 9546 15945 16429 16682 16605 16229 15699 15215 14962 15039 15414 23040 22567 22319 22378 22724 23243 23748 24031 23962 23575 22122 22581 22771 22607 22163 21625 21196 21026 21172 21585 29181 29380 29762 30273 30784 30814 30317 29799 29404 29189 6212 6746 7146 7286 7124 6708 6171 5714 5541 5741 21761 21291 20756 20357 20234 20429 20875 21414 21839 21975 
18544 19052 19355 19329 18986 18463 17963 17672 17697 18028 1745 1659 1411 1025 538 62831 538 1025 1411 1659 14562 15100 15555 15756 15625 15213 14676 14218 14015 14147 29362 28998 28462 27987 27703 27671 27898 28337 28875 29306 25317 25844 26186 26177 25819 25289 24802 24520 24527 24822 7159 6678 6145 5774 5740 6061 6581 7085 7399 7427 3669 4145 4677 5075 5226 5092 4707 4179 3693 3481 15631 16168 16629 16836 16710 16299 15762 15303 15096 15222 24453 24832 24884 24582 24070 23557 23227 23184 23441 23919 2888 2546 2609 3032 3571 4016 4244 4205 3906 3419 26204 25716 25429 25425 25704 26188 26720 27082 27088 26734 12863 13371 13888 14220 14244 13952 13451 12928 12586 12561 18328 18713 19245 19724 19961 19857 19456 18920 18454 18229 11660 12193 12582 12687 12470 12009 11472 11065 10953 11183 28206 27669 27200 26936 26940 27211 27684 28220 28596 28590 27876 28407 28884 29050 28786 28273 27761 27412 27310 27477 12832 13336 13634 13619 13296 12783 12271 11960 11976 12312 14277 14521 14440 14065 13535 13050 12798 12882 13266 13799 8514 8041 7827 7970 8403 8942 9381 9569 9444 9048 15435 15924 16186 16121 15755 15227 14737 14473 14538 14906 23508 23044 22811 22884 23239 23761 24262 24532 24446 24045 21654 22122 22331 22189 21758 21220 20778 20589 20717 21119 28893 29195 29666 30204 30545 30321 29796 29296 28947 28806 6685 7215 7599 7715 7527 7093 6554 6116 5975 6202 22278 21803 21270 20877 20761 20962 21410 21949 22371 22500 
18033 18538 18834 18801 18453 17929 17431 17145 17176 17514 1659 1745 1659 1411 1025 538 62831 538 1025 1411 15098 15636 16092 16294 16164 15751 15214 14756 14553 14684 29418 29161 28647 28136 27785 27675 27826 28209 28733 29226 24818 25341 25670 25647 25284 24753 24267 23992 24010 24317 6631 6154 5620 5241 5202 5522 6043 6547 6861 6892 4095 4589 5114 5486 5600 5425 5007 4471 4014 3858 15180 15718 16170 16364 16225 15806 15268 14815 14621 14761 23927 24314 24380 24094 23588 23070 22727 22671 22919 23392 2464 2188 2347 2824 3355 3755 3925 3830 3489 2982 26740 26248 25953 25934 26196 26668 27204 27586 27613 27268 12410 12923 13435 13755 13765 13462 12956 12437 12106 12095 18866 19251 19784 20263 20499 20393 19989 19452 18988 18767 12190 12724 13116 13224 13009 12548 12011 11603 11489 11716 28662 28131 27642 27340 27294 27515 27954 28492 28924 28999 27475 28013 28456 28566 28269 27749 27244 26914 26842 27045 13333 13840 14147 14140 13822 13311 12797 12480 12487 12816 13738 13982 13904 13531 13001 12515 12261 12343 12728 13261 7988 7520 7318 7475 7918 8457 8886 9062 8926 8523 14920 15405 15661 15591 15221 14692 14204 13945 14016 14389 24044 23578 23339 23403 23749 24267 24773 25054 24978 24581 21119 21585 21792 21650 21221 20683 20240 20050 20180 20583 28821 29217 29742 30229 30331 29933 29394 28941 28672 28630 7218 7750 8137 8254 8064 7627 7089 6653 6513 6738 22786 22316 21781 21381 21253 21439 21878 22417 22850 22995 
17714 18211 18487 18431 18067 17539 17049 16781 16834 17190 1411 1659 1745 1659 1411 1025 538 62831 538 1025 15499 16035 16502 16721 16607 16205 15669 15203 14984 15098 29051 28889 28415 27883 27482 27312 27412 27758 28270 28783 24515 25026 25323 25262 24875 24339 23867 23618 23667 24001 6143 5657 5126 4767 4759 5107 5635 6127 6418 6424 4634 5127 5653 6024 6133 5949 5522 4984 4537 4394 14987 15526 15963 16131 15968 15534 14995 14556 14386 14551 23431 23807 23861 23566 23057 22541 22205 22159 22418 22898 2406 2244 2517 3033 3542 3885 3983 3814 3414 2883 27126 26618 26286 26220 26436 26879 27418 27845 27939 27643 12221 12742 13244 13541 13524 13200 12686 12175 11865 11883 19306 19678 20207 20695 20948 20858 20465 19930 19459 19223 12565 13101 13508 13635 13437 12986 12448 12028 11894 12102 28789 28284 27766 27404 27286 27438 27826 28354 28840 29030 27306 27843 28234 28260 27904 27372 26888 26601 26583 26840 13626 14141 14467 14483 14184 13679 13160 12824 12808 13116 13307 13535 13441 13058 12526 12045 11806 11905 12302 12838 7643 7192 7023 7216 7679 8215 8624 8768 8603 8181 14596 15070 15306 15215 14831 14298 13819 13579 13672 14062 24440 23959 23694 23726 24045 24552 25070 25384 25345 24972 20718 21172 21359 21199 20759 20220 19787 19615 19763 20180 28977 29443 29981 30346 30193 29690 29172 28793 28623 28687 7617 8152 8557 8696 8527 8102 7564 7116 6952 7150 23078 22625 22088 21668 21511 21669 22088 22626 23079 23257 
17706 18190 18439 18354 17969 17436 16959 16716 16798 17175 1025 1411 1659 1745 1659 1411 1025 538 62831 538 15614 16147 16627 16871 16785 16401 15869 15390 15146 15232 28515 28374 27915 27380 26963 26780 26873 27221 27735 28246 24498 24992 25247 25137 24719 24180 23729 23516 23606 23973 5907 5402 4882 4567 4620 5012 5549 6017 6266 6225 5078 5556 6088 6480 6612 6448 6032 5496 5038 4868 15127 15665 16085 16227 16036 15585 15047 14626 14483 14675 23138 23489 23510 23190 22673 22166 21850 21832 22117 22611 2756 2673 2996 3522 4018 4330 4383 4166 3727 3189 27165 26639 26262 26139 26300 26706 27240 27709 27882 27657 12372 12900 13391 13664 13618 13270 12748 12247 11963 12011 19472 19822 20344 20844 21125 21066 20695 20164 19679 19418 12651 13189 13614 13769 13598 13163 12624 12187 12024 12203 28500 28030 27497 27091 26921 27025 27381 27897 28405 28661 27406 27932 28257 28190 27775 27236 26785 26553 26598 26909 13604 14126 14475 14521 14246 13753 13226 12868 12821 13104 13151 13354 13232 12830 12294 11827 11614 11742 12159 12697 7632 7206 7080 7313 7796 8326 8709 8817 8616 8171 14588 15048 15257 15138 14734 14198 13733 13519 13641 14051 24517 24019 23718 23708 23992 24483 25011 25365 25377 25041 20590 21027 21183 20992 20536 19998 19583 19439 19615 20051 29337 29846 30361 30533 30154 29616 29157 28874 28809 28971 7752 8290 8718 8892 8756 8353 7818 7350 7148 7307 23027 22596 22057 21616 21426 21551 21948 22482 22954 23168 
18010 18482 18709 18598 18194 17658 17194 16974 17082 17475 538 1025 1411 1659 1745 1659 1411 1025 538 62831 15400 15927 16419 16687 16628 16265 15737 15246 14978 15037 28041 27865 27394 26860 26457 26297 26421 26797 27323 27815 24771 25248 25462 25307 24861 24323 23896 23719 23846 24239 6038 5517 5015 4750 4862 5289 5827 6271 6480 6394 5295 5748 6285 6706 6879 6752 6363 5832 5352 5135 15547 16083 16491 16614 16403 15942 15405 14997 14875 15085 23140 23460 23441 23090 22563 22069 21783 21801 22115 22622 3289 3211 3526 4049 4550 4868 4921 4696 4249 3710 26836 26302 25894 25733 25861 26245 26774 27259 27477 27302 12803 13334 13817 14073 14008 13645 13118 12625 12360 12428 19296 19623 20137 20648 20954 20928 20581 20056 19559 19272 12416 12955 13396 13577 13433 13015 12478 12024 11833 11985 27982 27526 26990 26571 26388 26487 26843 27361 27867 28125 27754 28261 28521 28369 27905 27370 26959 26783 26883 27237 13275 13803 14170 14239 13987 13505 12973 12596 12523 12785 13333 13510 13360 12939 12401 11950 11765 11922 12357 12895 7961 7556 7460 7719 8214 8739 9104 9186 8960 8498 14899 15346 15533 15389 14969 14431 13979 13789 13936 14361 24240 23728 23399 23358 23616 24093 24627 25006 25057 24753 20780 21197 21322 21101 20628 20094 19699 19584 19789 20242 29843 30368 30844 30743 30221 29718 29351 29171 29200 29433 7583 8121 8571 8779 8679 8303 7774 7286 7045 7162 22655 22240 21703 21247 21035 21137 21520 22050 22533 22769 
28706 28495 28522 28782 29231 29770 30178 30118 29652 29120 14936 14400 13994 13877 14095 14562 15098 15499 15614 15400 62831 538 1025 1411 1659 1745 1659 1411 1025 538 16152 15637 15312 15300 15607 16116 16632 16959 16971 16662 22624 22173 21965 22068 22448 22978 23463 23700 23581 23162 21385 20849 20381 20150 20235 20607 21135 21624 21876 21783 12099 11594 11302 11343 11700 12227 12720 12997 12958 12618 26565 26635 26967 27474 27992 28287 28183 27747 27208 26773 23319 22803 22466 22418 22675 23154 23687 24066 24122 23828 17098 16584 16261 16252 16558 17065 17582 17911 17921 17609 11641 11157 10910 11006 11402 11937 12406 12638 12549 12171 25352 25512 25922 26457 26921 27097 26886 26405 25874 25485 3950 4227 4737 5252 5598 5677 5468 5028 4489 4058 3000 2466 2003 1890 2219 2750 3239 3547 3609 3414 13911 13401 13091 13106 13439 13958 14463 14765 14751 14426 19567 19113 18909 19026 19423 19958 20429 20647 20522 20105 3199 2794 2263 1789 1665 1998 2531 3016 3322 3387 28674 28683 28308 27772 27299 27027 27021 27282 27749 28286 23014 22504 22184 22158 22434 22924 23453 23813 23843 23529 29046 29504 30043 30426 30284 29781 29264 28884 28710 28766 8946 8484 8291 8452 8895 9434 9863 10035 9892 9482 26613 26143 25887 25912 26213 26707 27234 27572 27536 27149 17154 16704 16510 16645 17058 17596 18053 18252 18114 17693 7883 7349 6969 6915 7212 7722 8237 8571 8617 8360 8007 7478 6992 6756 6882 7308 7847 8292 8493 8387 
28358 28085 28057 28279 28709 29245 29689 29743 29361 28823 15461 14925 14523 14411 14632 15100 15636 16035 16147 15927 538 62831 538 1025 1411 1659 1745 1659 1411 1025 15618 15104 14783 14778 15091 15602 16116 16437 16442 16129 22105 21649 21435 21532 21911 22440 22926 23167 23056 22643 21900 21363 20900 20676 20767 21142 21671 22158 22405 22304 12625 12118 11819 11850 12198 12723 13220 13506 13477 13142 26697 26705 26983 27462 27996 28363 28351 27967 27431 26961 22794 22281 21952 21916 22185 22671 23202 23568 23610 23306 17635 17120 16795 16780 17082 17587 18106 18439 18454 18145 11103 10618 10372 10468 10867 11403 11870 12100 12010 11633 25722 25843 26222 26749 27239 27465 27299 26838 26302 25890 3453 3708 4211 4731 5090 5190 5007 4586 4049 3596 3517 2980 2532 2428 2742 3267 3765 4083 4147 3943 13374 12864 12557 12577 12915 13435 13938 14235 14216 13889 19051 18593 18382 18494 18888 19422 19895 20119 20000 19589 3503 3049 2510 2103 2088 2479 3017 3480 3744 3752 29157 29104 28680 28141 27697 27466 27498 27785 28265 28799 23552 23042 22718 22686 22955 23439 23971 24338 24376 24067 29350 29729 30239 30752 30806 30319 29797 29395 29172 29157 8408 7946 7752 7916 8362 8900 9327 9497 9354 8945 26076 25604 25349 25380 25690 26190 26713 27039 26998 26611 16642 16187 15986 16115 16526 17063 17522 17727 17595 17180 8419 7886 7508 7453 7746 8255 8771 9108 9156 8898 7479 6948 6467 6242 6383 6820 7358 7794 7982 7865 
27826 27546 27522 27759 28207 28745 29164 29205 28837 28301 15958 15421 15012 14887 15095 15555 16092 16502 16627 16419 1025 538 62831 538 1025 1411 1659 1745 1659 1411 15227 14719 14415 14432 14763 15281 15788 16091 16074 15744 21599 21150 20948 21061 21452 21985 22461 22686 22559 22138 22409 21874 21405 21169 21246 21609 22134 22629 22891 22805 12986 12472 12154 12160 12488 13006 13513 13819 13813 13497 26451 26406 26639 27092 27630 28043 28109 27787 27262 26764 22431 21927 21620 21613 21908 22406 22930 23271 23280 22951 18044 17524 17183 17148 17431 17927 18452 18803 18840 18548 10649 10172 9943 10060 10473 11011 11468 11679 11571 11181 25753 25820 26157 26669 27182 27473 27379 26957 26418 25971 2927 3205 3718 4230 4573 4659 4469 4047 3511 3058 4025 3491 3024 2868 3124 3631 4148 4504 4607 4434 12961 12458 12169 12210 12565 13092 13586 13864 13825 13482 18542 18089 17889 18013 18417 18953 19418 19629 19498 19080 4023 3556 3019 2631 2627 3008 3544 4014 4282 4285 29691 29638 29197 28660 28228 28005 28032 28306 28772 29310 23965 23447 23102 23042 23285 23754 24290 24682 24754 24471 29217 29485 29921 30456 30877 30654 30119 29634 29296 29152 7953 7502 7332 7522 7984 8520 8931 9077 8913 8491 25610 25153 24923 24986 25325 25839 26350 26639 26557 26148 16129 15679 15488 15629 16048 16585 17038 17231 17089 16668 8885 8349 7956 7876 8147 8646 9169 9525 9594 9355 7124 6588 6124 5936 6118 6578 7115 7527 7682 7532 
27341 27092 27112 27394 27873 28408 28771 28740 28337 27799 16240 15701 15276 15127 15310 15756 16294 16721 16871 16687 1411 1025 538 62831 538 1025 1411 1659 1745 1659 15129 14631 14351 14397 14751 15276 15772 16050 16005 15653 21288 20855 20680 20822 21233 21769 22230 22424 22267 21827 22708 22176 21694 21432 21478 21817 22334 22841 23134 23081 13052 12530 12187 12163 12466 12975 13491 13821 13845 13553 25956 25891 26111 26558 27097 27519 27609 27315 26800 26290 22350 21859 21582 21610 21933 22445 22959 23269 23237 22878 18165 17638 17276 17212 17469 17953 18484 18858 18925 18658 10460 9999 9800 9951 10384 10923 11362 11544 11406 10997 25429 25456 25762 26260 26785 27116 27079 26696 26160 25688 2610 2957 3489 3975 4269 4303 4068 3619 3080 2663 4362 3839 3342 3110 3285 3758 4290 4692 4853 4733 12836 12345 12081 12153 12531 13063 13544 13797 13728 13363 18229 17790 17612 17761 18183 18721 19172 19357 19201 18767 4527 4073 3534 3124 3070 3405 3934 4426 4729 4766 30021 30095 29701 29163 28705 28436 28402 28609 29022 29554 24072 23544 23170 23071 23278 23726 24265 24687 24805 24561 28749 28971 29387 29919 30382 30396 29944 29410 28987 28754 7772 7345 7215 7444 7925 8456 8842 8953 8755 8311 25364 24932 24743 24852 25226 25753 26244 26482 26343 25902 15811 15374 15206 15371 15805 16344 16782 16951 16786 16350 9119 8580 8163 8047 8284 8767 9298 9679 9781 9571 7103 6564 6127 5987 6216 6699 7229 7613 7727 7538 
27047 26853 26935 27273 27782 28298 28583 28458 28006 27470 16198 15659 15217 15040 15196 15625 16164 16607 16785 16628 1659 1411 1025 538 62831 538 1025 1411 1659 1745 15360 14873 14615 14686 15058 15588 16074 16331 16261 15890 21277 20865 20722 20895 21327 21865 22306 22466 22274 21814 22665 22140 21643 21352 21364 21676 22182 22701 23024 23010 12799 12271 11908 11857 12140 12640 13162 13511 13559 13289 25431 25381 25618 26079 26617 27020 27088 26782 26264 25757 22576 22101 21851 21908 22255 22774 23278 23561 23495 23111 17950 17418 17036 16946 17181 17654 18189 18580 18673 18431 10618 10174 10006 10186 10637 11175 11597 11751 11586 11157 24908 24925 25226 25722 26248 26585 26563 26194 25661 25180 2703 3121 3659 4108 4341 4306 4009 3521 2990 2646 4445 3943 3420 3110 3195 3622 4161 4604 4823 4766 13049 12570 12331 12429 12825 13360 13830 14060 13966 13581 18224 17803 17654 17831 18270 18809 19242 19399 19213 18762 4854 4429 3892 3442 3311 3579 4087 4603 4953 5044 29866 30138 29902 29385 28878 28524 28393 28505 28842 29341 23822 23288 22890 22759 22938 23368 23907 24349 24503 24294 28216 28460 28903 29442 29864 29864 29442 28904 28461 28216 7949 7547 7455 7718 8214 8738 9100 9179 8950 8486 25405 25005 24861 25014 25420 25955 26422 26606 26410 25938 15807 15388 15247 15439 15890 16428 16849 16991 16797 16345 9045 8506 8066 7911 8113 8579 9115 9519 9655 9477 7426 6888 6473 6369 6627 7123 7648 8011 8098 7880 
27015 26886 27033 27421 27950 28435 28631 28410 27915 27391 15848 15310 14856 14659 14796 15213 15751 16205 16401 16265 1745 1659 1411 1025 538 62831 538 1025 1411 1659 15833 15352 15105 15188 15567 16099 16580 16828 16746 16365 21570 21177 21059 21257 21703 22241 22666 22799 22578 22104 22300 21782 21276 20964 20954 21248 21747 22270 22612 22624 12318 11787 11415 11352 11626 12122 12647 13003 13062 12803 25063 25050 25324 25807 26339 26705 26722 26380 25853 25359 23038 22572 22336 22408 22765 23287 23787 24056 23972 23574 17483 16949 16558 16455 16680 17148 17684 18083 18188 17958 11056 10623 10472 10667 11126 11663 12075 12215 12034 11594 24405 24440 24759 25265 25784 26099 26054 25673 25139 24663 3141 3589 4127 4553 4748 4666 4325 3815 3300 3018 4253 3781 3245 2868 2870 3251 3788 4258 4525 4524 13515 13042 12816 12926 13330 13866 14331 14550 14443 14049 18531 18125 17999 18197 18648 19186 19606 19739 19531 19067 4917 4534 4006 3518 3304 3494 3972 4503 4899 5049 29374 29723 29622 29159 28625 28211 28011 28064 28360 28839 23332 22796 22388 22245 22414 22840 23378 23825 23990 23795 27807 28106 28590 29123 29466 29375 28923 28387 27964 27756 8403 8015 7942 8219 8720 9241 9593 9656 9411 8938 25723 25351 25242 25427 25854 26391 26838 26981 26742 26249 16119 15715 15597 15809 16270 16807 17214 17335 17120 16655 8687 8150 7693 7511 7688 8142 8680 9098 9256 9103 7945 7407 7000 6904 7165 7662 8186 8548 8629 8404 
27254 27183 27383 27807 28344 28794 28907 28603 28080 27579 15324 14787 14329 14127 14260 14676 15214 15669 15869 15737 1659 1745 1659 1411 1025 538 62831 538 1025 1411 16368 15885 15634 15709 16083 16613 17099 17353 17276 16899 22068 21684 21576 21782 22232 22770 23190 23313 23081 22600 21770 21254 20746 20430 20416 20709 21208 21732 22074 22089 11786 11256 10888 10833 11115 11615 12137 12486 12538 12273 24961 24996 25312 25815 26336 26655 26609 26223 25687 25215 23575 23107 22867 22931 23280 23799 24303 24582 24506 24111 16947 16414 16025 15928 16158 16630 17165 17559 17658 17423 11594 11161 11007 11199 11654 12192 12608 12752 12572 12133 24093 24165 24515 25034 25539 25814 25724 25315 24777 24320 3679 4123 4661 5090 5286 5197 4847 4330 3823 3554 3833 3387 2848 2427 2375 2731 3265 3746 4035 4066 14051 13576 13346 13451 13849 14384 14853 15078 14976 14585 19037 18638 18520 18724 19178 19716 20132 20258 20041 19572 4701 4363 3853 3338 3051 3168 3613 4150 4579 4779 28850 29185 29098 28655 28118 27687 27475 27526 27831 28319 22804 22269 21867 21734 21915 22349 22888 23326 23478 23272 27622 27984 28501 29007 29244 29040 28546 28022 27643 27499 8940 8550 8471 8740 9238 9762 10119 10189 9947 9476 26227 25867 25771 25963 26392 26930 27374 27506 27249 26747 16629 16231 16120 16338 16802 17338 17742 17856 17634 17164 8164 7628 7166 6977 7150 7604 8141 8561 8722 8574 8450 7912 7494 7379 7621 8108 8637 9014 9113 8902 
