NAME: sphere_rect_cap_reg_nol_25x10
COMMENT: type = spherical_cap, neigh_ang = 0.0872664625997, neigh_size = 10
COMMENT: sphere_limit = 1.0471975512, rect_limit = [-1.0471975512, 0.785398163397, -0.785398163397, 1.0471975512]
TYPE: GTSP
DIMENSION: 250
GTSP_SETS: 25
EDGE_WEIGHT_TYPE: EXPLICIT
EDGE_WEIGHT_FORMAT: FULL_MATRIX
EDGE_WEIGHT_SECTION:
62831 538 1025 1411 1659 1745 1659 1411 1025 538 6782 6699 6973 7475 7996 8348 8417 8183 7718 7181 3464 3262 3465 3949 4478 4867 5008 4866 4477 3948 10297 10106 10263 10700 11239 11674 11850 11706 11291 10754 3439 2908 2434 2279 2556 3073 3581 3922 4016 3843 6988 6762 6897 7329 7868 8308 8501 8387 8000 7469 4927 4471 4313 4541 5029 5557 5936 6056 5882 5464 10553 10318 10426 10832 11369 11831 12050 11950 11565 11034 6669 6138 5656 5432 5581 6026 6564 6993 7174 7054 7739 7385 7363 7684 8202 8708 9022 9041 8759 8267 14136 13896 13989 14378 14912 15387 15623 15532 15147 14614 7276 6756 6433 6459 6820 7350 7837 8114 8093 7781 10986 10688 10725 11080 11606 12100 12380 12346 12010 11493 9209 8766 8604 8795 9254 9791 10203 10348 10177 9748 14405 14148 14222 14597 15127 15612 15866 15793 15421 14892 10063 9527 9133 9047 9308 9801 10327 10692 10769 10532 11927 11563 11511 11794 12294 12817 13165 13214 12945 12456 17893 17677 17786 18180 18714 19187 19412 19298 18892 18355 11389 10896 10632 10708 11091 11625 12102 12350 12279 11916 15036 14744 14776 15118 15639 16141 16433 16401 16059 15538 13200 12661 12227 12070 12254 12704 13242 13664 13814 13638 13624 13203 13063 13262 13720 14257 14670 14806 14612 14162 18307 18096 18209 18606 19140 19611 19833 19714 19302 18765 14288 13769 13435 13418 13725 14234 14750 15077 15094 14793 16431 16098 16074 16370 16873 17394 17732 17756 17455 16949 
538 62831 538 1025 1411 1659 1745 1659 1411 1025 6564 6440 6679 7166 7695 8072 8176 7974 7530 6991 3634 3357 3477 3920 4458 4889 5087 5004 4659 4145 10076 9856 9984 10404 10942 11393 11595 11478 11082 10548 3957 3422 2961 2818 3088 3599 4112 4460 4554 4372 7052 6786 6876 7280 7818 8279 8508 8432 8074 7551 5389 4917 4721 4907 5374 5909 6315 6467 6322 5922 10531 10265 10341 10725 11258 11735 11982 11913 11551 11025 7160 6627 6153 5946 6108 6559 7096 7519 7690 7557 8039 7658 7599 7888 8395 8913 9254 9305 9050 8572 14034 13768 13833 14203 14732 15219 15481 15417 15052 14525 7809 7287 6957 6969 7318 7845 8339 8627 8616 8311 11159 10835 10840 11170 11689 12194 12499 12495 12183 11675 9655 9200 9016 9184 9629 10167 10595 10761 10610 10192 14481 14199 14244 14597 15122 15618 15898 15854 15503 14980 10599 10064 9671 9585 9844 10336 10863 11230 11308 11070 12262 11880 11803 12062 12552 13080 13448 13522 13274 12795 17895 17653 17732 18106 18635 19122 19375 19291 18905 18372 11903 11406 11132 11195 11568 12099 12583 12842 12783 12427 15281 14968 14973 15293 15807 16318 16632 16627 16306 15792 13726 13187 12756 12604 12791 13242 13780 14201 14348 14168 14071 13639 13482 13663 14109 14648 15074 15227 15050 14609 18495 18259 18344 18720 19249 19735 19984 19894 19503 18968 14824 14304 13967 13944 14245 14752 15270 15603 15625 15328 16817 16467 16423 16699 17193 17719 18076 18122 17839 17340 
1025 538 62831 538 1025 1411 1659 1745 1659 1411 6114 5965 6185 6664 7196 7585 7707 7525 7095 6557 3545 3199 3238 3635 4173 4635 4885 4859 4564 4075 9615 9380 9493 9904 10442 10899 11114 11012 10627 10096 4464 3933 3457 3272 3491 3982 4508 4887 5016 4863 6820 6518 6570 6949 7483 7960 8218 8175 7845 7333 5632 5137 4890 5018 5454 5993 6429 6625 6525 6157 10209 9920 9970 10337 10867 11354 11621 11576 11233 10713 7687 7155 6677 6457 6602 7041 7580 8014 8198 8077 8045 7636 7535 7789 8282 8808 9176 9263 9041 8582 13644 13362 13408 13764 14290 14784 15061 15016 14666 14143 8201 7673 7318 7297 7618 8137 8643 8956 8975 8693 11012 10665 10638 10944 11455 11969 12297 12322 12034 11537 9852 9381 9164 9298 9723 10261 10708 10904 10784 10387 14234 13930 13950 14284 14803 15308 15608 15589 15258 14741 11062 10525 10120 10014 10253 10735 11266 11648 11745 11524 12296 11893 11785 12016 12493 13026 13415 13518 13297 12833 17577 17314 17371 17729 18254 18749 19022 18962 18594 18064 12229 11723 11427 11462 11815 12341 12836 13118 13084 12747 15200 14864 14840 15138 15643 16162 16498 16522 16224 15720 14221 13682 13244 13079 13252 13694 14233 14663 14824 14656 14259 13811 13628 13781 14211 14750 15192 15372 15222 14798 18345 18083 18140 18496 19020 19517 19792 19731 19361 18831 15226 14701 14349 14305 14587 15085 15609 15959 16003 15723 16907 16536 16462 16713 17195 17727 18105 18181 17924 17436 
1411 1025 538 62831 538 1025 1411 1659 1745 1659 5576 5430 5658 6142 6672 7055 7171 6987 6557 6018 3213 2818 2793 3157 3692 4171 4452 4468 4214 3751 9078 8846 8965 9381 9919 10373 10582 10475 10089 9558 4797 4276 3775 3524 3671 4126 4662 5082 5263 5159 6360 6039 6070 6437 6969 7452 7723 7698 7384 6879 5591 5077 4777 4847 5249 5786 6248 6487 6433 6102 9698 9401 9443 9805 10334 10823 11096 11058 10723 10206 8058 7532 7039 6788 6896 7312 7850 8303 8518 8427 7755 7325 7191 7417 7896 8428 8816 8930 8736 8294 13111 12825 12869 13225 13751 14246 14523 14480 14134 13612 8325 7790 7406 7341 7627 8133 8651 8995 9050 8800 10598 10235 10189 10480 10985 11504 11845 11887 11616 11127 9737 9250 9001 9102 9505 10042 10505 10730 10640 10266 13754 13440 13448 13774 14291 14799 15107 15100 14779 14266 11284 10745 10321 10183 10393 10860 11395 11798 11925 11731 12017 11597 11463 11672 12137 12673 13078 13204 13006 12555 17064 16793 16844 17197 17721 18219 18497 18444 18083 17555 12252 11736 11414 11417 11746 12264 12770 13077 13073 12761 14823 14472 14429 14711 15210 15733 16083 16126 15845 15348 14500 13962 13510 13320 13467 13893 14431 14877 15063 14920 14121 13658 13448 13575 13987 14525 14982 15188 15064 14657 17916 17639 17680 18024 18545 19048 19336 19293 18936 18410 15343 14812 14438 14366 14623 15109 15639 16011 16083 15828 16666 16276 16178 16407 16878 17413 17808 17909 17675 17199 
1659 1411 1025 538 62831 538 1025 1411 1659 1745 5157 5049 5314 5815 6336 6693 6777 6566 6119 5580 2712 2295 2255 2623 3158 3633 3914 3937 3699 3251 8671 8462 8608 9041 9580 10019 10205 10075 9674 9139 4868 4368 3845 3525 3591 4001 4539 4994 5229 5184 5822 5505 5546 5924 6458 6935 7197 7164 6847 6341 5277 4750 4412 4437 4811 5346 5823 6090 6071 5772 9184 8897 8953 9326 9858 10340 10601 10551 10208 9688 8154 7638 7130 6839 6902 7288 7823 8297 8547 8494 7262 6822 6674 6889 7365 7898 8291 8416 8233 7800 12635 12362 12422 12791 13321 13808 14071 14013 13656 13130 8142 7604 7192 7089 7343 7836 8362 8730 8818 8598 10061 9696 9650 9943 10449 10967 11306 11348 11078 10590 9347 8849 8580 8658 9048 9583 10055 10297 10228 9870 13222 12912 12926 13259 13778 14283 14585 14571 14247 13732 11189 10651 10207 10038 10217 10667 11205 11628 11783 11618 11524 11096 10952 11152 11613 12150 12560 12695 12506 12062 16552 16290 16352 16715 17242 17734 18001 17938 17569 17040 11963 11440 11097 11076 11384 11895 12409 12735 12755 12463 14293 13938 13891 14173 14671 15195 15546 15591 15313 14818 14460 13925 13457 13239 13358 13766 14302 14764 14976 14861 13706 13233 13007 13118 13521 14057 14522 14742 14635 14240 17378 17101 17143 17490 18012 18513 18799 18754 18398 17872 15130 14596 14203 14105 14339 14815 15348 15738 15835 15603 16187 15789 15679 15899 16365 16901 17303 17414 17192 16722 
1745 1659 1411 1025 538 62831 538 1025 1411 1659 5056 5007 5321 5840 6346 6665 6704 6450 5978 5442 2189 1799 1833 2261 2799 3240 3474 3456 3189 2727 8567 8394 8576 9031 9568 9986 10140 9978 9555 9017 4661 4187 3651 3274 3267 3633 4167 4646 4924 4929 5417 5133 5216 5624 6162 6620 6850 6784 6442 5926 4776 4245 3890 3902 4273 4807 5285 5557 5549 5262 8872 8611 8699 9096 9632 10100 10334 10256 9891 9365 7945 7441 6921 6596 6619 6977 7507 7996 8275 8256 6735 6301 6167 6399 6884 7413 7795 7906 7712 7273 12403 12155 12244 12633 13167 13641 13880 13795 13418 12887 7709 7170 6743 6616 6852 7338 7867 8247 8353 8153 9603 9254 9229 9541 10055 10566 10888 10910 10625 10129 8814 8314 8042 8119 8510 9045 9517 9759 9691 9336 12840 12548 12586 12937 13462 13959 14241 14205 13864 13344 10810 10273 9816 9625 9784 10223 10762 11196 11370 11225 10997 10574 10438 10649 11116 11651 12054 12179 11983 11535 16236 15995 16081 16462 16994 17475 17720 17632 17246 16713 11465 10939 10588 10557 10859 11368 11883 12215 12244 11960 13809 13464 13433 13727 14232 14751 15090 15121 14832 14332 14115 13583 13104 12866 12964 13359 13894 14365 14596 14501 13168 12695 12469 12580 12985 13521 13985 14203 14096 13702 16934 16672 16733 17094 17620 18114 18383 18320 17951 17421 14668 14132 13730 13618 13842 14312 14847 15244 15354 15134 15654 15260 15156 15383 15853 16388 16784 16889 16661 16189 
1659 1745 1659 1411 1025 538 62831 538 1025 1411 5327 5327 5676 6204 6696 6985 6986 6697 6205 5677 1898 1618 1810 2309 2830 3207 3359 3258 2923 2421 8814 8673 8885 9355 9890 10289 10414 10225 9783 9244 4226 3774 3235 2822 2769 3113 3644 4132 4429 4463 5336 5102 5243 5685 6224 6655 6841 6730 6353 5825 4253 3726 3390 3438 3838 4376 4837 5083 5050 4747 8897 8670 8795 9216 9754 10204 10408 10296 9907 9375 7496 7001 6475 6130 6130 6475 7001 7496 7789 7789 6386 5977 5883 6154 6656 7177 7531 7607 7382 6924 12509 12288 12406 12814 13352 13812 14025 13912 13514 12979 7170 6632 6204 6081 6323 6813 7341 7715 7816 7614 9414 9091 9101 9441 9964 10464 10760 10750 10438 9932 8337 7845 7591 7691 8099 8637 9096 9319 9232 8864 12761 12495 12563 12937 13468 13952 14209 14144 13781 13254 10280 9744 9283 9089 9246 9685 10223 10657 10833 10691 10642 10235 10125 10361 10842 11374 11758 11858 11640 11179 16233 16019 16134 16534 17070 17537 17756 17639 17233 16696 10941 10417 10072 10052 10364 10877 11389 11711 11730 11439 13559 13235 13231 13548 14062 14573 14890 14894 14584 14075 13594 13063 12581 12337 12430 12822 13357 13829 14064 13975 12712 12247 12037 12167 12584 13122 13576 13777 13653 13248 16751 16514 16602 16984 17516 17997 18240 18149 17760 17226 14132 13596 13196 13088 13318 13791 14325 14718 14822 14599 15270 14890 14807 15054 15536 16067 16447 16530 16283 15802 
1411 1659 1745 1659 1411 1025 538 62831 538 1025 5831 5847 6205 6735 7223 7504 7491 7188 6688 6165 2058 1908 2206 2731 3230 3557 3641 3466 3066 2536 9301 9175 9398 9873 10406 10799 10913 10710 10260 9722 3687 3239 2701 2283 2243 2611 3147 3622 3902 3926 5621 5430 5613 6076 6611 7021 7175 7028 6624 6089 3933 3422 3148 3277 3727 4264 4688 4880 4793 4446 9249 9047 9197 9632 10171 10608 10790 10655 10249 9713 6957 6462 5936 5594 5601 5953 6482 6973 7258 7253 6379 6004 5962 6274 6791 7299 7620 7654 7392 6912 12910 12707 12843 13262 13801 14252 14448 14317 13907 13370 6730 6193 5784 5695 5970 6474 6993 7344 7416 7189 9575 9279 9324 9688 10218 10706 10976 10936 10599 10082 8114 7638 7419 7559 7992 8531 8970 9160 9039 8646 13017 12774 12867 13258 13793 14266 14501 14411 14029 13498 9796 9258 8806 8629 8806 9257 9795 10216 10375 10217 10605 10221 10145 10411 10905 11431 11793 11862 11615 11139 16546 16353 16489 16904 17442 17898 18095 17956 17534 16996 10595 10077 9754 9762 10098 10619 11121 11421 11414 11102 13641 13341 13366 13707 14228 14730 15024 15000 14666 14148 13092 12559 12082 11850 11957 12359 12896 13361 13583 13481 12516 12066 11884 12043 12478 13017 13454 13628 13477 13054 16897 16685 16800 17200 17736 18204 18422 18303 17895 17358 13724 13191 12804 12718 12967 13452 13982 14359 14442 14201 15180 14821 14767 15040 15534 16060 16419 16473 16200 15707 
1025 1411 1659 1745 1659 1411 1025 538 62831 538 6350 6351 6695 7220 7716 8010 8009 7715 7218 6693 2540 2433 2745 3270 3768 4088 4154 3951 3526 2989 9830 9696 9910 10380 10914 11314 11436 11240 10793 10254 3250 2776 2240 1875 1940 2381 2918 3350 3570 3534 6130 5953 6145 6611 7147 7552 7698 7540 7125 6588 3989 3509 3312 3520 4005 4534 4920 5057 4912 4520 9775 9580 9734 10170 10709 11145 11324 11183 10772 10235 6536 6030 5512 5198 5245 5628 6163 6637 6893 6856 6717 6368 6362 6699 7224 7722 8021 8027 7737 7244 13446 13245 13381 13801 14339 14791 14987 14854 14441 13904 6583 6050 5676 5640 5959 6478 6983 7299 7328 7063 10015 9737 9799 10175 10707 11188 11445 11389 11038 10516 8245 7789 7607 7784 8238 8775 9194 9352 9198 8782 13504 13272 13376 13773 14309 14778 15004 14903 14513 13979 9553 9015 8582 8439 8649 9119 9653 10053 10181 9993 10903 10538 10489 10776 11280 11800 12144 12189 11920 11432 17056 16871 17014 17433 17971 18424 18615 18466 18039 17500 10570 10063 9768 9811 10173 10702 11192 11464 11425 11088 14024 13741 13785 14140 14665 15161 15439 15396 15046 14523 12805 12268 11804 11597 11731 12152 12690 13141 13338 13211 12660 12227 12072 12259 12710 13248 13669 13817 13639 13199 17317 17121 17253 17663 18200 18660 18863 18727 18306 17768 13605 13076 12711 12655 12930 13427 13952 14307 14361 14094 15420 15081 15052 15345 15848 16369 16709 16738 16444 15941 
538 1025 1411 1659 1745 1659 1411 1025 538 62831 6703 6666 6979 7495 8004 8325 8356 8086 7603 7071 3069 2932 3204 3715 4228 4575 4666 4480 4061 3525 10205 10046 10235 10691 11228 11644 11791 11616 11182 10643 3145 2633 2121 1873 2082 2582 3103 3476 3618 3500 6646 6454 6627 7082 7619 8037 8199 8053 7646 7111 4389 3933 3779 4019 4515 5039 5409 5520 5343 4926 10269 10060 10198 10624 11162 11608 11802 11675 11272 10736 6421 5901 5399 5132 5237 5658 6196 6645 6859 6777 7241 6900 6899 7238 7762 8261 8558 8559 8263 7765 13912 13697 13817 14225 14762 15223 15435 15317 14914 14378 6800 6275 5936 5944 6296 6824 7315 7602 7595 7297 10554 10274 10332 10704 11235 11719 11980 11926 11577 11054 8670 8227 8067 8263 8726 9262 9670 9811 9639 9209 14033 13796 13892 14283 14817 15291 15525 15430 15044 14511 9657 9120 8710 8603 8845 9331 9861 10238 10334 10116 11410 11053 11013 11306 11811 12330 12669 12707 12430 11937 17571 17377 17510 17921 18458 18918 19119 18981 18558 18020 10878 10381 10109 10178 10558 11090 11570 11822 11759 11402 14557 14277 14323 14678 15204 15699 15977 15931 15578 15054 12846 12308 11860 11682 11846 12285 12824 13257 13427 13271 13086 12664 12526 12727 13186 13723 14134 14268 14074 13624 17855 17660 17791 18200 18737 19198 19402 19265 18843 18305 13822 13299 12954 12924 13222 13727 14246 14582 14611 14322 15898 15568 15551 15853 16359 16877 17210 17227 16922 16414 
6782 6564 6114 5576 5157 5056 5327 5831 6350 6703 62831 538 1025 1411 1659 1745 1659 1411 1025 538 4605 4286 3785 3262 2948 3035 3464 4003 4444 4662 3515 3345 3578 4073 4598 4970 5088 4924 4517 3983 9408 9020 8488 8009 7782 7912 8337 8876 9321 9520 3373 2847 2358 2170 2422 2932 3446 3801 3913 3760 7653 7208 6669 6243 6123 6367 6857 7384 7757 7857 4756 4307 4164 4408 4904 5428 5797 5903 5719 5293 12533 12092 11553 11122 10974 11170 11628 12165 12578 12717 6614 6089 5594 5345 5468 5898 6437 6878 7079 6982 7640 7305 7309 7651 8176 8673 8968 8964 8663 8162 10905 10431 9897 9509 9431 9698 10193 10718 11079 11149 7082 6561 6234 6256 6616 7146 7634 7912 7894 7585 9864 9341 8841 8566 8636 9022 9556 10031 10279 10216 9021 8585 8435 8639 9105 9640 10044 10178 9996 9560 14208 13729 13196 12813 12733 12987 13474 14004 14376 14454 9921 9384 8982 8884 9135 9624 10153 10525 10612 10385 11800 11452 11422 11724 12232 12748 13080 13108 12822 12324 13196 12680 12172 11869 11896 12241 12764 13263 13553 13528 11231 10739 10476 10554 10940 11474 11950 12195 12123 11758 17552 17084 16549 16148 16033 16247 16710 17246 17653 17770 13149 12610 12167 11994 12163 12605 13143 13574 13739 13578 13513 13099 12972 13183 13647 14183 14588 14712 14507 14050 16687 16184 15663 15323 15293 15584 16086 16607 16950 16980 14270 13750 13412 13390 13693 14201 14718 15049 15070 14773 
6699 6440 5965 5430 5049 5007 5327 5847 6351 6666 538 62831 538 1025 1411 1659 1745 1659 1411 1025 4802 4434 3912 3413 3174 3340 3808 4342 4749 4916 3662 3416 3569 4029 4564 4980 5156 5048 4684 4162 9484 9072 8535 8075 7886 8054 8502 9040 9465 9631 3886 3354 2879 2708 2956 3460 3979 4339 4450 4286 7948 7484 6947 6547 6465 6740 7244 7764 8114 8183 5214 4747 4564 4764 5239 5772 6169 6309 6155 5749 12665 12207 11670 11258 11140 11364 11837 12371 12765 12876 7102 6572 6087 5855 5992 6429 6967 7403 7594 7483 7932 7570 7536 7847 8362 8872 9195 9224 8950 8462 11221 10734 10204 9836 9786 10074 10578 11098 11441 11487 7615 7092 6758 6766 7114 7640 8135 8424 8417 8115 10331 9805 9311 9051 9136 9530 10066 10536 10773 10696 9466 9017 8845 9025 9478 10015 10435 10590 10428 10004 14532 14042 13514 13148 13091 13364 13860 14385 14742 14798 10458 9922 9521 9423 9671 10159 10688 11062 11151 10923 12139 11772 11717 11995 12494 13017 13370 13422 13156 12668 13652 13131 12628 12339 12380 12735 13261 13755 14034 13995 11745 11249 10976 11041 11416 11948 12430 12687 12627 12270 17896 17417 16885 16499 16405 16638 17111 17645 18038 18134 13676 13138 12697 12529 12701 13143 13682 14112 14274 14109 13963 13539 13395 13588 14041 14579 14997 15138 14949 14502 17148 16639 16123 15794 15777 16079 16584 17103 17436 17453 14805 14284 13943 13915 14212 14717 15236 15573 15600 15307 
6973 6679 6185 5658 5314 5321 5676 6205 6695 6979 1025 538 62831 538 1025 1411 1659 1745 1659 1411 5275 4885 4355 3873 3669 3861 4337 4869 5266 5414 3549 3232 3308 3727 4266 4715 4941 4890 4573 4072 9871 9443 8905 8460 8295 8487 8946 9483 9895 10040 4398 3871 3383 3173 3370 3851 4381 4772 4918 4782 8457 7986 7451 7061 6990 7273 7778 8297 8643 8702 5453 4961 4723 4865 5309 5847 6276 6462 6353 5979 13083 12615 12079 11681 11581 11821 12302 12833 13216 13311 7630 7102 6613 6370 6490 6915 7454 7900 8104 8004 7931 7539 7463 7740 8242 8763 9114 9179 8937 8466 11734 11244 10716 10355 10313 10606 11112 11630 11969 12008 8008 7479 7120 7094 7413 7931 8438 8754 8776 8497 10866 10341 9846 9580 9659 10046 10581 11055 11299 11228 9663 9196 8991 9136 9569 10108 10547 10733 10602 10198 15047 14554 14027 13668 13618 13896 14393 14917 15271 15320 10920 10382 9969 9851 10080 10557 11090 11479 11587 11376 12177 11789 11702 11954 12440 12970 13344 13426 13186 12712 14189 13669 13166 12874 12911 13261 13785 14282 14566 14531 12072 11566 11271 11308 11663 12189 12683 12963 12928 12590 18416 17935 17403 17023 16935 17172 17646 18180 18570 18661 14168 13629 13182 13000 13157 13590 14129 14569 14745 14593 14159 13718 13547 13713 14150 14689 15124 15292 15130 14698 17685 17177 16660 16329 16308 16605 17108 17628 17966 17988 15204 14678 14322 14273 14551 15047 15572 15926 15975 15699 
7475 7166 6664 6142 5815 5840 6204 6735 7220 7495 1411 1025 538 62831 538 1025 1411 1659 1745 1659 5808 5422 4893 4409 4193 4365 4828 5363 5774 5937 3198 2830 2848 3240 3777 4242 4500 4488 4210 3732 10405 9974 9435 8994 8833 9025 9485 10022 10434 10578 4742 4228 3718 3443 3565 4008 4546 4976 5174 5089 8973 8507 7971 7572 7486 7754 8252 8775 9133 9207 5408 4896 4604 4686 5095 5634 6090 6319 6257 5921 13621 13151 12616 12219 12120 12358 12838 13370 13754 13849 8007 7486 6984 6710 6793 7193 7729 8194 8429 8359 7636 7221 7112 7361 7851 8379 8750 8843 8628 8174 12246 11759 11229 10861 10806 11087 11588 12110 12459 12510 8134 7599 7210 7140 7423 7928 8446 8792 8852 8606 11269 10748 10245 9959 10012 10381 10911 11397 11662 11614 9547 9064 8826 8938 9350 9888 10345 10559 10459 10078 15556 15067 14539 14172 14111 14378 14870 15397 15760 15821 11141 10603 10170 10021 10219 10680 11217 11627 11764 11581 11903 11496 11384 11613 12089 12622 13013 13118 12901 12440 14605 14090 13580 13272 13288 13621 14140 14646 14947 14932 12095 11579 11258 11264 11594 12112 12618 12923 12918 12604 18919 18442 17909 17521 17421 17646 18114 18650 19049 19153 14439 13902 13441 13234 13365 13781 14318 14773 14975 14847 14028 13572 13374 13513 13934 14472 14923 15116 14980 14566 18093 17592 17070 16724 16683 16962 17457 17982 18337 18380 15317 14786 14408 14330 14583 15067 15598 15973 16050 15799 
7996 7695 7196 6672 6336 6346 6696 7223 7716 8004 1659 1411 1025 538 62831 538 1025 1411 1659 1745 6207 5846 5324 4824 4567 4690 5124 5663 6100 6300 2686 2300 2310 2709 3247 3706 3961 3955 3690 3224 10880 10458 9920 9469 9292 9465 9913 10451 10876 11037 4827 4336 3807 3466 3504 3897 4435 4900 5152 5126 9309 8858 8320 7901 7782 8018 8501 9032 9413 9517 5092 4567 4234 4270 4654 5189 5662 5920 5894 5589 14074 13613 13076 12668 12551 12773 13243 13778 14175 14288 8110 7601 7085 6773 6810 7178 7710 8194 8463 8432 7140 6715 6592 6832 7319 7848 8225 8328 8124 7678 12565 12089 11555 11169 11087 11344 11834 12362 12731 12808 7954 7416 7000 6890 7140 7631 8158 8528 8621 8407 11396 10885 10371 10057 10076 10419 10943 11442 11734 11717 9157 8663 8404 8493 8892 9428 9895 10127 10048 9683 15867 15388 14856 14472 14386 14631 15112 15644 16025 16110 11046 10508 10057 9876 10044 10488 11026 11455 11621 11467 11412 10997 10874 11094 11566 12100 12497 12612 12405 11949 14744 14238 13720 13389 13375 13685 14195 14710 15034 15048 11807 11285 10943 10922 11233 11745 12258 12582 12600 12307 19207 18743 18207 17802 17677 17878 18331 18869 19287 19417 14389 13856 13380 13146 13249 13645 14181 14650 14878 14778 13618 13152 12937 13060 13471 14008 14467 14676 14557 14154 18213 17724 17196 16828 16758 17011 17494 18026 18402 18474 15100 14565 14169 14066 14296 14769 15303 15696 15798 15571 
8348 8072 7585 7055 6693 6665 6985 7504 8010 8325 1745 1659 1411 1025 538 62831 538 1025 1411 1659 6350 6026 5519 5001 4693 4753 5148 5685 6151 6396 2173 1824 1914 2369 2905 3326 3532 3483 3188 2707 11125 10722 10186 9719 9512 9653 10082 10621 11064 11253 4634 4172 3634 3236 3198 3543 4073 4562 4857 4883 9354 8924 8386 7943 7784 7983 8448 8984 9390 9528 4591 4061 3712 3734 4115 4650 5124 5387 5371 5080 14274 13828 13289 12864 12719 12914 13369 13907 14323 14462 7908 7413 6886 6541 6537 6876 7400 7898 8196 8200 6614 6196 6089 6345 6841 7366 7730 7818 7604 7153 12578 12118 11581 11172 11058 11287 11763 12296 12687 12793 7524 6985 6553 6419 6650 7134 7664 8047 8158 7964 11205 10704 10182 9843 9830 10150 10666 11175 11490 11501 8624 8129 7866 7955 8354 8891 9356 9589 9511 9149 15861 15396 14860 14456 14341 14560 15027 15563 15964 16078 10667 10131 9667 9464 9611 10043 10582 11022 11207 11074 10884 10473 10359 10589 11066 11599 11988 12094 11880 11421 14554 14058 13533 13181 13140 13427 13929 14451 14796 14835 11310 10784 10434 10404 10707 11217 11732 12062 12090 11806 19165 18716 18178 17754 17601 17775 18211 18750 19186 19346 14037 13508 13022 12769 12850 13233 13766 14245 14490 14411 13082 12614 12399 12522 12934 13472 13929 14137 14018 13617 17997 17519 16986 16599 16504 16735 17206 17741 18135 18233 14637 14100 13694 13578 13797 14265 14801 15201 15315 15100 
8417 8176 7707 7171 6777 6704 6986 7491 8009 8356 1659 1745 1659 1411 1025 538 62831 538 1025 1411 6198 5914 5427 4896 4540 4539 4894 5425 5912 6197 1919 1690 1931 2443 2955 3311 3435 3304 2942 2428 11056 10675 10144 9661 9421 9529 9936 10474 10934 11153 4209 3772 3233 2799 2711 3029 3554 4052 4368 4424 9093 8684 8148 7686 7493 7660 8108 8646 9071 9238 4068 3542 3214 3275 3686 4225 4679 4914 4873 4564 14147 13717 13179 12736 12564 12731 13171 13709 14142 14309 7463 6978 6447 6082 6054 6377 6897 7401 7714 7736 6272 5880 5815 6110 6621 7135 7470 7523 7277 6808 12280 11834 11296 10870 10731 10936 11400 11936 12342 12472 6986 6447 6014 5884 6121 6609 7137 7514 7621 7425 10761 10267 9740 9386 9356 9663 10175 10688 11015 11042 8147 7659 7415 7528 7944 8482 8936 9148 9051 8676 15540 15087 14549 14130 13993 14192 14648 15185 15600 15736 10137 9602 9134 8928 9073 9505 10044 10484 10670 10540 10524 10131 10043 10298 10787 11315 11685 11766 11530 11059 14107 13617 13089 12724 12668 12944 13440 13965 14320 14374 10785 10262 9918 9898 10212 10726 11237 11558 11575 11284 18809 18374 17835 17398 17224 17378 17803 18341 18789 18969 13514 12985 12496 12238 12315 12696 13229 13708 13957 13883 12621 12162 11962 12104 12529 13067 13514 13705 13570 13158 17530 17059 16524 16128 16019 16239 16704 17241 17642 17754 14100 13564 13160 13049 13274 13745 14280 14675 14784 14565 
8183 7974 7525 6987 6566 6450 6697 7188 7715 8086 1411 1659 1745 1659 1411 1025 538 62831 538 1025 5793 5540 5072 4536 4145 4100 4428 4952 5451 5760 2118 2015 2346 2877 3365 3672 3731 3529 3109 2573 10696 10333 9808 9313 9050 9132 9524 10059 10531 10770 3672 3240 2703 2261 2179 2519 3051 3537 3838 3886 8613 8215 7681 7209 6999 7151 7592 8130 8562 8742 3750 3242 2980 3127 3587 4123 4537 4717 4619 4266 13740 13323 12785 12331 12140 12290 12720 13258 13701 13884 6925 6440 5908 5544 5522 5853 6376 6876 7182 7199 6274 5918 5905 6241 6765 7263 7565 7575 7292 6803 11778 11339 10800 10367 10217 10414 10874 11411 11822 11961 6543 6005 5591 5495 5766 6268 6788 7142 7219 6997 10222 9728 9202 8849 8822 9133 9647 10158 10481 10505 7924 7453 7246 7398 7839 8378 8810 8989 8858 8458 15026 14578 14040 13616 13471 13663 14117 14654 15073 15214 9653 9116 8657 8467 8632 9077 9615 10043 10212 10066 10482 10113 10058 10343 10846 11366 11713 11762 11498 11013 13568 13079 12550 12186 12133 12413 12911 13435 13786 13837 10438 9921 9599 9608 9946 10468 10969 11267 11258 10946 18283 17851 17313 16871 16693 16843 17266 17804 18253 18437 13016 12485 12001 11754 11845 12237 12772 13244 13480 13393 12417 11974 11802 11973 12415 12954 13384 13547 13385 12956 16994 16522 15988 15593 15488 15714 16183 16718 17116 17221 13696 13161 12772 12681 12926 13409 13940 14320 14407 14170 
7718 7530 7095 6557 6119 5978 6205 6688 7218 7603 1025 1411 1659 1745 1659 1411 1025 538 62831 538 5258 5015 4554 4016 3614 3562 3891 4416 4913 5221 2614 2546 2884 3415 3904 4205 4248 4022 3579 3040 10171 9815 9291 8793 8522 8598 8987 9522 9995 10239 3223 2765 2226 1828 1847 2265 2804 3250 3492 3483 8080 7679 7145 6675 6472 6635 7084 7621 8046 8216 3812 3338 3157 3384 3879 4403 4778 4901 4744 4344 13204 12788 12251 11795 11602 11751 12181 12720 13162 13345 6498 6001 5476 5138 5155 5519 6050 6535 6811 6798 6618 6292 6313 6672 7202 7690 7969 7951 7642 7140 11257 10813 10274 9846 9706 9914 10380 10916 11319 11447 6392 5858 5479 5437 5754 6273 6778 7096 7129 6869 9794 9293 8771 8436 8435 8767 9289 9791 10094 10095 8056 7606 7436 7627 8088 8624 9035 9181 9017 8594 14515 14062 13524 13105 12971 13174 13634 14171 14581 14712 9410 8872 8432 8276 8475 8940 9475 9882 10020 9843 10775 10427 10399 10705 11216 11730 12058 12083 11797 11300 13144 12647 12123 11773 11741 12039 12545 13063 13398 13429 10413 9906 9612 9657 10021 10551 11039 11310 11269 10930 17789 17351 16812 16377 16210 16373 16805 17344 17784 17955 12736 12202 11730 11508 11627 12038 12575 13034 13245 13132 12554 12128 11984 12182 12640 13177 13590 13727 13538 13092 16592 16112 15580 15199 15114 15359 15838 16371 16753 16838 13581 13051 12683 12622 12894 13388 13914 14272 14331 14068 
7181 6991 6557 6018 5580 5442 5677 6165 6693 7071 538 1025 1411 1659 1745 1659 1411 1025 538 62831 4790 4522 4049 3513 3135 3129 3499 4034 4511 4786 3137 3034 3333 3853 4358 4688 4756 4547 4112 3574 9675 9309 8783 8290 8032 8126 8528 9065 9528 9757 3096 2595 2072 1786 1958 2448 2973 3362 3524 3430 7705 7285 6748 6295 6126 6325 6794 7328 7730 7870 4217 3769 3632 3890 4394 4913 5271 5368 5180 4755 12741 12316 11778 11330 11153 11320 11762 12300 12731 12898 6374 5861 5349 5057 5133 5537 6074 6535 6770 6711 7145 6824 6851 7211 7741 8229 8506 8484 8169 7663 10919 10462 9924 9513 9400 9635 10116 10647 11031 11134 6606 6080 5737 5741 6091 6619 7111 7399 7396 7101 9655 9142 8630 8325 8362 8724 9253 9742 10015 9983 8482 8046 7898 8107 8577 9112 9512 9641 9457 9021 14201 13736 13200 12797 12687 12914 13387 13921 14315 14421 9515 8977 8559 8440 8672 9153 9685 10069 10175 9968 11281 10941 10922 11234 11747 12259 12582 12599 12304 11804 13001 12494 11976 11651 11649 11972 12489 12997 13309 13310 10720 10224 9953 10024 10406 10939 11418 11668 11603 11245 17511 17059 16521 16101 15958 16146 16594 17132 17556 17702 12787 12250 11794 11601 11750 12180 12719 13161 13344 13203 12974 12560 12434 12647 13112 13648 14052 14173 13968 13512 16476 15983 15456 15095 15039 15309 15801 16328 16690 16746 13801 13277 12929 12895 13188 13692 14212 14552 14585 14299 
3464 3634 3545 3213 2712 2189 1898 2058 2540 3069 4605 4802 5275 5808 6207 6350 6198 5793 5258 4790 62831 538 1025 1411 1659 1745 1659 1411 1025 538 7825 7804 8124 8642 9149 9464 9482 9198 8705 8178 4958 4659 4168 3639 3298 3340 3738 4276 4738 4986 3606 3480 3749 4258 4774 5124 5212 5017 4589 4051 3313 2796 2290 2055 2268 2767 3288 3662 3801 3676 7300 7149 7360 7832 8366 8763 8892 8711 8278 7740 7950 7530 6992 6540 6371 6568 7036 7571 7975 8116 4549 4112 3990 4256 4760 5279 5633 5722 5522 5088 11040 10887 11079 11536 12073 12488 12631 12452 12012 11474 6573 6056 5549 5266 5350 5758 6295 6754 6984 6917 7530 7224 7265 7635 8166 8650 8917 8882 8555 8043 6860 6337 6005 6022 6380 6909 7398 7679 7665 7360 10964 10732 10844 11251 11788 12249 12466 12362 11974 11442 9868 9355 8843 8537 8571 8930 9459 9949 10225 10195 8811 8384 8251 8472 8948 9481 9873 9991 9795 9350 14524 14353 14518 14953 15492 15929 16099 15935 15502 14963 9793 9255 8842 8728 8965 9448 9979 10361 10462 10249 11660 11336 11338 11665 12182 12689 12998 12996 12685 12177 13256 12751 12231 11898 11886 12201 12714 13226 13546 13557 11112 10620 10360 10441 10828 11362 11837 12080 12005 11639 14863 14638 14745 15142 15677 16147 16371 16265 15868 15333 13181 12643 12188 11995 12144 12573 13111 13554 13739 13597 13480 13078 12967 13194 13666 14200 14595 14702 14482 14017 
3262 3357 3199 2818 2295 1799 1618 1908 2433 2932 4286 4434 4885 5422 5846 6026 5914 5540 5015 4522 538 62831 538 1025 1411 1659 1745 1659 1411 1025 7614 7555 7846 8353 8870 9210 9261 9006 8528 7994 5156 4811 4296 3786 3509 3627 4067 4605 5038 5239 3726 3522 3717 4196 4727 5121 5267 5128 4738 4208 3818 3293 2801 2591 2804 3298 3822 4201 4336 4198 7342 7150 7319 7770 8308 8730 8895 8750 8341 7805 8248 7806 7268 6837 6705 6935 7418 7949 8332 8444 5003 4544 4379 4599 5084 5613 5998 6123 5954 5539 11025 10841 11003 11441 11980 12414 12586 12436 12015 11477 7058 6536 6036 5771 5872 6287 6825 7278 7497 7416 7816 7481 7483 7823 8347 8846 9142 9140 8839 8339 7393 6868 6528 6532 6876 7402 7898 8190 8188 7890 11145 10886 10966 11352 11886 12362 12606 12531 12164 11636 10340 9822 9315 9023 9072 9441 9972 10457 10723 10679 9256 8816 8660 8857 9319 9856 10264 10404 10228 9795 14643 14445 14582 15000 15538 15991 16187 16051 15635 15098 10330 9792 9380 9266 9501 9982 10513 10898 11001 10787 12009 11666 11642 11947 12456 12972 13300 13323 13032 12532 13725 13216 12700 12379 12380 12704 13220 13729 14040 14038 11626 11130 10860 10927 11305 11837 12318 12572 12509 12151 15153 14905 14986 15366 15897 16379 16627 16545 16166 15634 13712 13174 12721 12532 12682 13111 13650 14093 14276 14131 13940 13527 13400 13609 14072 14608 15015 15139 14935 14477 
3465 3477 3238 2793 2255 1833 1810 2206 2745 3204 3785 3912 4355 4893 5324 5519 5427 5072 4554 4049 1025 538 62831 538 1025 1411 1659 1745 1659 1411 7164 7084 7357 7859 8380 8733 8802 8565 8098 7561 5629 5261 4737 4240 3996 4141 4592 5129 5552 5735 3584 3309 3433 3878 4416 4844 5040 4954 4608 4095 4336 3816 3314 3069 3232 3699 4233 4641 4810 4700 7088 6860 6995 7426 7964 8405 8600 8486 8100 7569 8757 8308 7770 7349 7229 7467 7952 8482 8861 8964 5235 4750 4526 4686 5141 5678 6097 6269 6147 5764 10709 10500 10638 11062 11601 12048 12242 12114 11710 11174 7587 7067 6564 6289 6374 6777 7314 7777 8009 7939 7808 7441 7401 7708 8221 8733 9059 9093 8824 8339 7787 7256 6892 6860 7175 7692 8200 8519 8546 8273 11008 10721 10771 11136 11665 12153 12422 12376 12031 11511 10874 10357 9849 9552 9594 9955 10484 10974 11247 11209 9454 8995 8805 8968 9410 9949 10379 10550 10404 9991 14434 14212 14323 14724 15260 15727 15947 15836 15438 14903 10789 10251 9827 9692 9907 10376 10911 11310 11433 11237 12061 11694 11638 11917 12416 12939 13291 13344 13078 12590 14260 13752 13235 12910 12906 13224 13738 14249 14566 14570 11953 11448 11155 11195 11552 12079 12572 12849 12812 12472 15122 14849 14902 15261 15787 16281 16554 16501 16143 15616 14195 13658 13198 12994 13129 13548 14086 14538 14736 14605 14151 13721 13567 13749 14197 14735 15160 15311 15132 14690 
3949 3920 3635 3157 2623 2261 2309 2731 3270 3715 3262 3413 3873 4409 4824 5001 4896 4536 4016 3513 1411 1025 538 62831 538 1025 1411 1659 1745 1659 6626 6548 6828 7332 7851 8199 8264 8026 7559 7023 6162 5798 5275 4777 4524 4652 5089 5628 6063 6259 3208 2883 2957 3380 3919 4364 4589 4541 4231 3735 4693 4189 3669 3363 3449 3873 4412 4857 5078 5018 6614 6368 6486 6908 7447 7895 8102 8004 7632 7105 9273 8829 8291 7862 7728 7951 8428 8961 9351 9468 5187 4678 4398 4496 4917 5456 5904 6121 6047 5702 10199 9982 10111 10532 11070 11521 11721 11602 11205 10671 7969 7457 6943 6639 6686 7062 7595 8075 8336 8297 7508 7116 7043 7323 7827 8346 8694 8756 8514 8043 7916 7379 6984 6907 7185 7688 8208 8558 8623 8384 10599 10295 10325 10676 11202 11697 11981 11954 11624 11109 11271 10761 10246 9929 9945 10286 10809 11309 11603 11589 9340 8864 8640 8769 9192 9730 10178 10379 10265 9873 13975 13739 13838 14231 14765 15238 15469 15373 14985 14451 11006 10468 10025 9860 10043 10495 11033 11453 11605 11437 11797 11411 11329 11586 12075 12604 12973 13050 12807 12331 14658 14157 13635 13294 13268 13568 14074 14592 14926 14951 11978 11463 11144 11152 11484 12003 12508 12811 12803 12488 14784 14492 14524 14867 15388 15890 16180 16149 15808 15287 14449 13914 13441 13213 13321 13721 14257 14724 14946 14842 14036 13589 13408 13564 13995 14534 14975 15152 15000 14574 
4478 4458 4173 3692 3158 2799 2830 3230 3768 4228 2948 3174 3669 4193 4567 4693 4540 4145 3614 3135 1659 1411 1025 538 62831 538 1025 1411 1659 1745 6206 6160 6468 6984 7493 7818 7856 7595 7116 6583 6561 6222 5708 5197 4908 4990 5398 5936 6394 6624 2687 2347 2421 2855 3393 3830 4051 4006 3705 3218 4796 4318 3783 3414 3413 3782 4316 4795 5070 5070 6079 5840 5970 6402 6940 7380 7577 7472 7096 6568 9607 9180 8642 8196 8030 8221 8682 9218 9630 9775 4869 4346 4023 4074 4470 5007 5472 5719 5682 5369 9684 9476 9619 10048 10587 11029 11218 11089 10686 10150 8078 7580 7056 6715 6716 7058 7583 8080 8375 8374 7009 6607 6520 6793 7294 7815 8169 8241 8009 7546 7739 7200 6778 6660 6903 7392 7920 8295 8394 8187 10063 9757 9787 10139 10665 11160 11443 11416 11088 10574 11391 10892 10368 10025 10006 10320 10834 11345 11666 11683 8952 8464 8218 8324 8734 9272 9730 9949 9856 9481 13438 13205 13307 13704 14240 14709 14936 14836 14447 13913 10908 10371 9910 9713 9864 10299 10838 11276 11456 11318 11312 10917 10823 11071 11556 12086 12462 12550 12317 11847 14771 14280 13752 13389 13334 13608 14104 14629 14985 15039 11692 11170 10829 10811 11124 11637 12149 12471 12487 12193 14265 13967 13993 14332 14853 15356 15650 15625 15289 14770 14379 13850 13363 13109 13187 13568 14100 14581 14829 14752 13637 13179 12980 13120 13541 14080 14530 14723 14588 14174 
4867 4889 4635 4171 3633 3240 3207 3557 4088 4575 3035 3340 3861 4365 4690 4753 4539 4100 3562 3129 1745 1659 1411 1025 538 62831 538 1025 1411 1659 6094 6098 6446 6973 7466 7757 7754 7458 6961 6436 6703 6400 5902 5378 5043 5065 5433 5965 6448 6720 2189 1898 2058 2540 3069 3464 3634 3544 3213 2712 4619 4174 3635 3211 3131 3446 3969 4469 4788 4842 5695 5492 5661 6118 6654 7072 7236 7099 6701 6168 9649 9245 8709 8243 8040 8193 8632 9170 9604 9783 4367 3839 3499 3537 3931 4468 4933 5185 5158 4859 9366 9186 9358 9805 10344 10769 10931 10776 10356 9818 7882 7401 6868 6496 6454 6764 7280 7789 8112 8147 6485 6091 6021 6310 6819 7334 7674 7732 7489 7021 7311 6773 6334 6191 6415 6895 7427 7814 7932 7746 9601 9310 9361 9730 10260 10746 11011 10966 10625 10106 11192 10705 10175 9808 9758 10047 10552 11071 11413 11459 8420 7930 7681 7786 8196 8734 9192 9411 9319 8948 13027 12812 12935 13347 13884 14342 14551 14431 14029 13493 10526 9992 9519 9300 9430 9853 10391 10840 11039 10921 10781 10390 10305 10561 11051 11579 11948 12027 11789 11316 14556 14077 13544 13161 13079 13331 13817 14347 14721 14801 11196 10671 10321 10293 10599 11109 11624 11952 11977 11692 13760 13471 13510 13860 14384 14882 15165 15127 14783 14262 14013 13487 12992 12719 12778 13145 13674 14162 14427 14370 13102 12643 12442 12581 13003 13542 13991 14184 14051 13639 
5008 5087 4885 4452 3914 3474 3359 3641 4154 4666 3464 3808 4337 4828 5124 5148 4894 4428 3891 3499 1659 1745 1659 1411 1025 538 62831 538 1025 1411 6347 6394 6771 7304 7783 8044 8005 7679 7169 6654 6546 6284 5807 5273 4895 4860 5187 5709 6210 6519 1981 1820 2114 2639 3138 3467 3556 3387 2993 2465 4206 3789 3254 2795 2660 2940 3456 3965 4306 4392 5642 5491 5712 6193 6724 7111 7233 7054 6626 6088 9384 9002 8471 7988 7753 7874 8294 8832 9283 9489 3845 3321 3004 3084 3510 4049 4493 4714 4661 4344 9382 9237 9442 9908 10444 10848 10980 10793 10353 9814 7441 6972 6436 6044 5978 6270 6780 7295 7632 7686 6148 5783 5757 6083 6605 7107 7416 7437 7164 6680 6773 6235 5796 5655 5885 6370 6899 7281 7395 7207 9402 9141 9226 9619 10154 10625 10862 10786 10421 9895 10743 10264 9731 9350 9283 9558 10058 10581 10934 10995 7941 7460 7230 7359 7786 8324 8769 8968 8857 8472 12904 12717 12869 13299 13838 14280 14461 14314 13893 13355 9995 9462 8986 8763 8892 9314 9853 10301 10502 10387 10411 10038 9979 10259 10760 11282 11632 11686 11426 10943 14093 13621 13087 12693 12597 12838 13318 13850 14233 14326 10671 10147 9804 9787 10103 10618 11128 11447 11462 11170 13465 13198 13262 13632 14162 14649 14910 14847 14484 13957 13485 12961 12463 12185 12241 12606 13135 13624 13891 13838 12633 12182 11997 12153 12587 13126 13564 13741 13592 13171 
4866 5004 4859 4468 3937 3456 3258 3466 3951 4480 4003 4342 4869 5363 5663 5685 5425 4952 4416 4034 1411 1659 1745 1659 1411 1025 538 62831 538 1025 6842 6905 7291 7826 8300 8550 8496 8156 7640 7132 6137 5904 5446 4908 4501 4425 4723 5238 5748 6080 2224 2179 2546 3081 3557 3838 3865 3630 3185 2647 3671 3263 2730 2261 2123 2421 2944 3445 3773 3854 5949 5839 6094 6590 7115 7479 7569 7357 6908 6369 8900 8531 8004 7512 7261 7366 7778 8316 8772 8991 3529 3026 2781 2954 3428 3960 4361 4524 4411 4048 9726 9606 9835 10312 10845 11234 11343 11133 10679 10141 6903 6434 5898 5506 5443 5743 6257 6768 7099 7149 6158 5832 5858 6223 6755 7239 7513 7492 7182 6680 6328 5789 5369 5263 5528 6029 6550 6907 6991 6777 9553 9322 9440 9855 10393 10848 11058 10951 10564 10031 10204 9726 9193 8813 8748 9029 9531 10052 10401 10458 7715 7252 7060 7230 7681 8218 8640 8805 8660 8251 13119 12958 13136 13581 14119 14547 14703 14531 14094 13555 9513 8977 8510 8304 8453 8889 9428 9864 10047 9915 10355 10007 9982 10291 10803 11316 11641 11664 11377 10880 13556 13084 12549 12157 12065 12311 12794 13325 13704 13792 10322 9805 9484 9496 9835 10358 10858 11154 11144 10830 13496 13255 13349 13739 14274 14747 14983 14891 14508 13975 12994 12468 11975 11709 11780 12158 12690 13171 13424 13357 12414 11979 11821 12006 12457 12995 13416 13566 13390 12952 
