NAME: sphere_cap_rand_nol_10x10
COMMENT: type = sphere, neigh_ang = 0.174532925199, neigh_size = 10
COMMENT: sphere_limit = 1.0471975512, rect_limit = [-1.0471975512, 0.785398163397, -0.785398163397, 1.57079632679]
TYPE: GTSP
DIMENSION: 100
GTSP_SETS: 10
EDGE_WEIGHT_TYPE: EXPLICIT
EDGE_WEIGHT_FORMAT: FULL_MATRIX
EDGE_WEIGHT_SECTION:
62831 1073 2044 2819 3318 3490 3318 2819 2044 1073 24646 23913 23666 23962 24733 25783 26759 27155 26685 25683 7726 6652 5814 5659 6285 7326 8328 8971 9079 8624 15859 14972 14607 14907 15753 16826 17724 18096 17790 16933 11604 10837 10698 11253 12252 13293 13999 14123 13620 12668 18220 17331 16943 17194 17995 19061 19999 20425 20148 19294 9187 8399 8265 8856 9876 10901 11574 11682 11192 10256 21160 20605 20629 21224 22212 23262 23947 23916 23187 22127 27240 27796 28676 29742 30553 29969 28895 27961 27328 27077 10881 10152 10076 10690 11713 12735 13391 13457 12911 11938 
1073 62831 1073 2044 2819 3318 3490 3318 2819 2044 23937 23120 22778 22996 23721 24757 25761 26259 25935 25002 8691 7620 6828 6720 7359 8399 9402 10036 10116 9621 15050 14124 13697 13942 14759 15829 16751 17174 16931 16119 11156 10312 10064 10529 11491 12550 13320 13537 13127 12229 19276 18374 17954 18161 18924 19981 20948 21424 21186 20349 9772 8904 8633 9098 10066 11122 11886 12110 11722 10845 21988 21356 21279 21778 22710 23780 24569 24673 24031 22990 27886 28183 28796 29664 30698 31021 29958 29031 28334 27938 11005 10184 9974 10475 11452 12505 13250 13433 12992 12076 
2044 1073 62831 1073 2044 2819 3318 3490 3318 2819 22880 22050 21705 21940 22690 23738 24722 25189 24867 23948 9747 8675 7857 7687 8257 9272 10301 10988 11122 10662 13982 13051 12625 12882 13714 14786 15695 16104 15858 15050 10246 9362 9059 9487 10435 11498 12288 12544 12181 11319 20010 19061 18555 18661 19342 20373 21386 21968 21844 21075 9797 8853 8440 8770 9672 10744 11588 11928 11657 10861 22200 21462 21250 21623 22477 23549 24442 24726 24235 23245 27647 27640 28003 28697 29645 30719 30758 29685 28729 28024 10536 9645 9322 9728 10664 11730 12536 12810 12463 11609 
2819 2044 1073 62831 1073 2044 2819 3318 3490 3318 21906 21119 20847 21167 21988 23055 23981 24336 23921 22966 10521 9448 8563 8268 8718 9680 10738 11511 11751 11382 13052 12155 11796 12133 13017 14091 14951 15286 14972 14125 9173 8297 8021 8492 9466 10519 11277 11498 11115 10246 20108 19107 18498 18484 19070 20061 21109 21800 21816 21149 9257 8260 7735 7958 8806 9880 10772 11194 11019 10298 21689 20870 20554 20836 21631 22694 23641 24044 23683 22757 26719 26604 26929 27650 28653 29695 30037 29217 28147 27260 9618 8689 8312 8680 9603 10671 11493 11802 11502 10685 
3318 2819 2044 1073 62831 1073 2044 2819 3318 3490 21331 20629 20474 20913 21814 22888 23724 23923 23373 22365 10772 9713 8755 8317 8623 9513 10585 11441 11801 11553 12628 11797 11553 12004 12951 14015 14802 15027 14609 13700 8348 7536 7382 7971 8993 10016 10689 10808 10338 9420 19525 18492 17807 17707 18226 19186 20247 21001 21115 20535 8304 7283 6707 6894 7733 8807 9705 10147 10009 9327 20704 19855 19506 19768 20558 21620 22570 22993 22673 21776 25656 25595 26017 26847 27908 28836 28969 28169 27096 26188 8546 7625 7278 7696 8651 9711 10497 10767 10440 9614 
3490 3318 2819 2044 1073 62831 1073 2044 2819 3318 21321 20725 20699 21251 22216 23277 24009 24043 23358 22308 10429 9398 8385 7821 7996 8814 9886 10801 11259 11121 12887 12136 12005 12553 13544 14590 15305 15427 14911 13947 8157 7460 7475 8193 9251 10223 10788 10777 10192 9210 18517 17474 16764 16642 17153 18112 19174 19932 20065 19512 7238 6226 5692 5957 6854 7925 8776 9160 8975 8269 19656 18826 18516 18830 19663 20733 21645 22007 21641 20726 24829 24910 25482 26428 27497 28228 28075 27173 26105 25256 7734 6877 6662 7214 8226 9257 9954 10115 9693 8808 
3318 3490 3318 2819 2044 1073 62831 1073 2044 2819 21878 21379 21454 22083 23083 24126 24771 24669 23880 22809 9590 8588 7548 6904 7002 7785 8854 9790 10294 10221 13720 13022 12954 13544 14551 15587 16267 16332 15759 14765 8701 8110 8247 9038 10108 11041 11528 11419 10746 9722 17482 16447 15767 15693 16255 17242 18291 19001 19079 18490 6490 5534 5160 5612 6598 7644 8396 8649 8341 7548 18920 18151 17935 18346 19245 20318 21161 21408 20941 19978 24442 24699 25426 26456 27467 27932 27485 26478 25445 24709 7576 6834 6800 7494 8548 9529 10117 10143 9597 8639 
2819 3318 3490 3318 2819 2044 1073 62831 1073 2044 22843 22393 22506 23152 24156 25196 25818 25654 24810 23736 8520 7524 6479 5831 5955 6771 7844 8756 9234 9147 14792 14095 14017 14590 15587 16630 17327 17405 16832 15835 9705 9151 9314 10112 11181 12112 12587 12450 11746 10708 16798 15790 15185 15212 15860 16885 17905 18530 18502 17833 6454 5609 5447 6075 7117 8118 8760 8870 8420 7528 18741 18060 17961 18479 19437 20500 21255 21369 20785 19773 24576 25004 25857 26926 27822 27981 27270 26203 25248 24663 8158 7520 7611 8381 9448 10393 10907 10837 10202 9195 
2044 2819 3318 3490 3318 2819 2044 1073 62831 1073 23904 23424 23483 24068 25034 26096 26801 26707 25881 24807 7611 6586 5567 5026 5307 6222 7290 8125 8496 8309 15700 14955 14803 15304 16265 17325 18085 18241 17728 16756 10742 10153 10258 11006 12067 13030 13555 13463 12786 11756 16709 15747 15240 15381 16116 17168 18148 18673 18526 17769 7154 6401 6363 7062 8118 9095 9680 9708 9171 8220 19178 18583 18585 19184 20180 21224 21903 21900 21218 20172 25203 25764 26698 27769 28521 28369 27455 26390 25550 25127 9178 8572 8684 9453 10519 11466 11976 11885 11222 10201 
1073 2044 2819 3318 3490 3318 2819 2044 1073 62831 24633 24037 23954 24400 25276 26348 27215 27355 26662 25600 7286 6224 5284 4951 5449 6454 7489 8213 8433 8097 16107 15288 15027 15424 16328 17401 18239 18509 18098 17177 11450 10778 10770 11430 12467 13474 14088 14095 13492 12491 17247 16333 15911 16137 16927 17992 18936 19384 19144 18319 8210 7473 7431 8108 9157 10147 10749 10781 10234 9272 20088 19544 19594 20223 21229 22266 22912 22850 22113 21053 26184 26806 27762 28830 29482 29054 28020 27010 26295 26004 10203 9557 9601 10313 11366 12347 12912 12875 12247 11237 
24646 23937 22880 21906 21331 21321 21878 22843 23904 24633 62831 1073 2044 2819 3318 3490 3318 2819 2044 1073 28489 28805 28148 27085 26118 25497 25344 25686 26460 27504 8918 9891 10462 10461 9889 8915 7858 7146 7147 7861 13187 13863 13948 13414 12446 11388 10648 10551 11143 12156 16657 17052 16781 15951 14880 13968 13568 13843 14680 15752 18753 18938 18443 17477 16419 15661 15485 15958 16902 17968 11573 11345 10582 9527 8557 8093 8376 9255 10329 11195 7220 6200 5642 5882 6767 7839 8701 9101 8935 8244 15307 15648 15336 14488 13416 12519 12158 12489 13368 14441 
23913 23120 22050 21119 20629 20725 21379 22393 23424 24037 1073 62831 1073 2044 2819 3318 3490 3318 2819 2044 29339 29286 28362 27302 26468 26025 26047 26529 27392 28461 8070 9004 9512 9455 8848 7861 6810 6137 6217 7000 12688 13281 13271 12662 11661 10620 9954 9965 10648 11693 17717 18089 17782 16924 15851 14964 14600 14900 15747 16820 18939 19004 18406 17394 16362 15690 15628 16200 17192 18238 12588 12315 11511 10446 9508 9100 9424 10318 11390 12242 8272 7240 6631 6779 7597 8669 9582 10051 9942 9285 15259 15489 15071 14159 13087 12259 12014 12458 13401 14466 
23666 22778 21705 20847 20474 20699 21454 22506 23483 23954 2044 1073 62831 1073 2044 2819 3318 3490 3318 2819 30379 29940 28875 27905 27226 26932 27061 27595 28465 29530 7847 8697 9080 8896 8192 7162 6149 5613 5878 6776 12866 13356 13228 12525 11486 10484 9928 10076 10856 11923 18679 19095 18823 17980 16907 16008 15612 15870 16683 17752 19680 19652 18972 17932 16931 16336 16362 17001 18019 19046 13617 13371 12579 11515 10569 10135 10416 11278 12351 13233 9037 7980 7266 7261 7969 9025 10001 10577 10580 10011 15845 15977 15464 14500 13440 12688 12549 13084 14069 15119 
23962 22996 21940 21167 20913 21251 22083 23152 24068 24400 2819 2044 1073 62831 1073 2044 2819 3318 3490 3318 31142 30615 29631 28818 28257 28006 28092 28505 29202 30113 8369 9128 9380 9057 8246 7182 6245 5892 6340 7318 13644 14058 13838 13061 12000 11044 10584 10831 11669 12742 19164 19675 19501 18718 17652 16708 16229 16391 17134 18187 20730 20668 19954 18902 17920 17359 17414 18067 19089 20112 14287 14127 13392 12342 11359 10841 11019 11812 12880 13816 9298 8225 7398 7221 7795 8813 9839 10523 10658 10206 16844 16928 16365 15374 14327 13621 13535 14106 15103 16146 
24733 23721 22690 21988 21814 22216 23083 24156 25034 25276 3318 2819 2044 1073 62831 1073 2044 2819 3318 3490 30119 30704 30548 29891 29263 28809 28591 28635 28937 29458 9364 10080 10261 9856 8981 7908 7038 6797 7324 8327 14709 15103 14851 14046 12979 12045 11621 11893 12740 13813 18965 19581 19530 18835 17790 16796 16217 16265 16921 17946 21712 21696 21007 19959 18968 18381 18394 19004 20006 21046 14361 14316 13669 12648 11624 10999 11049 11751 12800 13788 8985 7917 6999 6667 7115 8088 9141 9906 10154 9815 17886 17992 17438 16448 15401 14688 14584 15129 16112 17163 
25783 24757 23738 23055 22888 23277 24126 25196 26096 26348 3490 3318 2819 2044 1073 62831 1073 2044 2819 3318 29114 30065 31137 30575 29550 28704 28121 27861 27952 28385 10407 11141 11334 10926 10042 8968 8109 7867 8372 9361 15657 16096 15882 15096 14031 13085 12627 12851 13662 14731 18170 18853 18898 18283 17265 16238 15581 15539 16129 17128 22215 22320 21717 20696 19673 19008 18920 19437 20391 21455 13813 13871 13314 12335 11281 10563 10497 11114 12137 13159 8182 7130 6157 5726 6101 7050 8111 8909 9215 8950 18572 18765 18279 17319 16259 15493 15309 15776 16717 17783 
26759 25761 24722 23981 23724 24009 24771 25818 26801 27215 3318 3490 3318 2819 2044 1073 62831 1073 2044 2819 28324 29391 30228 29838 28782 27795 27097 26788 26910 27446 11130 11928 12199 11855 11007 9935 9037 8711 9123 10065 16137 16666 16545 15821 14771 13787 13246 13371 14108 15163 17102 17799 17872 17291 16289 15250 14561 14489 15062 16058 21994 22240 21761 20789 19734 18977 18769 19179 20071 21145 12836 12950 12450 11503 10437 9663 9531 10105 11114 12148 7120 6074 5089 4656 5070 6048 7098 7864 8147 7877 18623 18933 18554 17650 16578 15739 15444 15805 16685 17758 
27155 26259 25189 24336 23923 24043 24669 25654 26707 27355 2819 3318 3490 3318 2819 2044 1073 62831 1073 2044 27832 28873 29353 28767 27708 26730 26077 25865 26131 26829 11307 12182 12565 12330 11553 10494 9535 9085 9364 10233 15967 16592 16586 15952 14932 13907 13268 13274 13922 14950 16166 16822 16853 16245 15235 14202 13536 13505 14121 15137 21161 21498 21116 20196 19126 18303 18008 18342 19192 20264 11782 11879 11376 10433 9366 8590 8471 9070 10093 11115 6176 5112 4180 3906 4503 5546 6547 7205 7367 6996 18016 18422 18148 17307 16235 15332 14939 15205 16028 17099 
26685 25935 24867 23921 23373 23358 23880 24810 25881 26662 2044 2819 3318 3490 3318 2819 2044 1073 62831 1073 27692 28585 28671 27867 26793 25886 25361 25319 25768 26624 10885 11823 12312 12196 11510 10479 9467 8890 9031 9816 15212 15904 15991 15438 14455 13404 12686 12595 13170 14172 15706 16278 16212 15533 14498 13490 12899 12968 13667 14712 20088 20438 20082 19182 18109 17264 16947 17270 18118 19191 11056 11065 10495 9519 8463 7751 7739 8434 9486 10470 5809 4737 3956 3975 4779 5852 6766 7275 7264 6736 17003 17449 17229 16429 15362 14426 13980 14201 15000 16067 
25683 25002 23948 22966 22365 22308 22809 23736 24807 25600 1073 2044 2819 3318 3490 3318 2819 2044 1073 62831 27919 28561 28255 27281 26232 25448 25100 25256 25885 26860 9992 10964 11524 11497 10890 9895 8850 8179 8213 8934 14154 14865 14986 14474 13513 12452 11696 11565 12115 13110 15893 16366 16185 15421 14361 13400 12912 13099 13882 14947 19183 19474 19072 18152 17082 16261 15988 16365 17252 18326 10974 10855 10181 9158 8136 7548 7701 8509 9580 10502 6246 5203 4591 4809 5700 6771 7627 8035 7898 7247 15972 16394 16158 15356 14288 13354 12918 13163 13984 15055 
7726 8691 9747 10521 10772 10429 9590 8520 7611 7286 28489 29339 30379 31142 30119 29114 28324 27832 27692 27919 62831 1073 2044 2819 3318 3490 3318 2819 2044 1073 23308 22555 22308 22630 23438 24502 25442 25795 25339 24356 18002 17603 17834 18617 19679 20631 21080 20818 19969 18895 12046 11553 11752 12552 13621 14553 15010 14827 14071 13014 10812 10903 11636 12693 13665 14205 14124 13449 12419 11405 16967 17152 17906 18962 19932 20426 20221 19413 18343 17417 21883 22955 23770 23931 23350 22331 21306 20627 20501 20966 14734 14672 15253 16251 17294 17985 18047 17456 16450 15413 
6652 7620 8675 9448 9713 9398 8588 7524 6586 6224 28805 29286 29940 30615 30704 30065 29391 28873 28585 28561 1073 62831 1073 2044 2819 3318 3490 3318 2819 2044 22285 21506 21238 21558 22374 23440 24371 24727 24304 23343 17105 16651 16835 17591 18647 19616 20109 19908 19104 18034 12879 12315 12423 13155 14210 15185 15722 15621 14919 13877 10358 10333 10985 12020 13028 13651 13673 13087 12094 11048 17618 17707 18384 19415 20428 21018 20917 20173 19114 18148 22809 23883 24746 24967 24415 23401 22372 21675 21512 21929 14120 13968 14476 15443 16501 17253 17405 16897 15931 14872 
5814 6828 7857 8563 8755 8385 7548 6479 5567 5284 28148 28362 28875 29631 30548 31137 30228 29353 28671 28255 2044 1073 62831 1073 2044 2819 3318 3490 3318 2819 21263 20517 20308 20696 21566 22640 23515 23782 23295 22312 16033 15588 15794 16572 17635 18587 19054 18837 18030 16961 13191 12531 12518 13158 14185 15203 15837 15849 15235 14224 9448 9358 9969 10992 12014 12672 12749 12219 11257 10196 17634 17605 18187 19179 20226 20920 20952 20307 19274 18263 23182 24242 25194 25579 25160 24193 23138 22363 22089 22388 13113 12926 13414 14375 15435 16199 16380 15907 14961 13896 
5659 6720 7687 8268 8317 7821 6904 5831 5026 4951 27085 27302 27905 28818 29891 30575 29838 28767 27867 27281 2819 2044 1073 62831 1073 2044 2819 3318 3490 3318 20592 19926 19825 20321 21259 22328 23111 23236 22637 21614 15185 14810 15097 15935 17007 17912 18298 18002 17150 16077 12876 12131 12007 12561 13555 14600 15309 15424 14902 13935 8376 8301 8940 9975 10984 11618 11678 11145 10186 9123 17007 16888 17398 18357 19419 20178 20309 19753 18755 17713 22808 23834 24852 25411 25184 24312 23239 22367 21956 22117 12077 11928 12460 13445 14494 15222 15361 14860 13904 12841 
6285 7359 8257 8718 8623 7996 7002 5955 5307 5449 26118 26468 27226 28257 29263 29550 28782 27708 26793 26232 3318 2819 2044 1073 62831 1073 2044 2819 3318 3490 20477 19916 19941 20545 21539 22585 23259 23227 22508 21450 14882 14614 15010 15915 16987 17825 18098 17694 16779 15708 12041 11244 11057 11565 12542 13595 14338 14508 14043 13110 7551 7589 8322 9382 10347 10898 10869 10268 9277 8229 15988 15839 16332 17285 18349 19118 19277 18756 17776 16724 21881 22882 23924 24569 24471 23688 22619 21683 21179 21252 11416 11370 11994 13017 14039 14687 14729 14151 13158 12112 
7326 8399 9272 9680 9513 8814 7785 6771 6222 6454 25497 26025 26932 28006 28809 28704 27795 26730 25886 25448 3490 3318 2819 2044 1073 62831 1073 2044 2819 3318 20952 20490 20619 21301 22327 23345 23923 23757 22940 21867 15240 15077 15566 16519 17582 18353 18522 18018 17049 15992 10970 10170 9992 10521 11511 12557 13282 13437 12970 12040 7374 7579 8421 9495 10392 10825 10667 9963 8929 7921 14962 14853 15391 16369 17422 18152 18265 17713 16724 15677 20814 21821 22858 23495 23412 22654 21589 20637 20113 20178 11416 11496 12215 13268 14249 14802 14729 14056 13025 12012 
8328 9402 10301 10738 10585 9886 8854 7844 7290 7489 25344 26047 27061 28092 28591 28121 27097 26077 25361 25100 3318 3490 3318 2819 2044 1073 62831 1073 2044 2819 21875 21470 21646 22353 23387 24395 24932 24693 23821 22748 16122 16019 16552 17524 18580 19317 19428 18863 17864 16822 10060 9314 9226 9841 10867 11886 12541 12615 12083 11122 7945 8278 9186 10256 11096 11433 11167 10377 9315 8365 14316 14302 14926 15943 16970 17620 17634 17006 15986 14961 19996 21030 22038 22600 22442 21644 20574 19644 19168 19299 12075 12248 13028 14094 15040 15521 15359 14614 13559 12585 
8971 10036 10988 11511 11441 10801 9790 8756 8125 8213 25686 26529 27595 28505 28635 27861 26788 25865 25319 25256 2819 3318 3490 3318 2819 2044 1073 62831 1073 2044 22946 22524 22663 23329 24342 25374 25967 25763 24894 23821 17196 17085 17601 18562 19623 20377 20500 19935 18932 17894 9700 9057 9112 9838 10895 11867 12421 12375 11744 10735 8962 9331 10251 11320 12146 12452 12141 11313 10244 9327 14300 14403 15116 16164 17153 17707 17603 16885 15835 14850 19692 20753 21707 22151 21868 20998 19924 19050 18670 18910 13111 13309 14098 15165 16106 16570 16378 15604 14541 13587 
9079 10116 11122 11751 11801 11259 10294 9234 8496 8433 26460 27392 28465 29202 28937 27952 26910 26131 25768 25885 2044 2819 3318 3490 3318 2819 2044 1073 62831 1073 23752 23230 23248 23800 24749 25817 26561 26534 25755 24684 18059 17874 18315 19231 20303 21123 21334 20835 19859 18806 10063 9529 9707 10511 11581 12508 12973 12820 12101 11058 9989 10313 11201 12274 13132 13478 13195 12380 11311 10385 14923 15115 15888 16950 17905 18382 18183 17393 16327 15386 19996 21069 21957 22269 21851 20908 19844 19047 18783 19138 14119 14271 15022 16079 17047 17557 17404 16651 15592 14626 
8624 9621 10662 11382 11553 11121 10221 9147 8309 8097 27504 28461 29530 30113 29458 28385 27446 26829 26624 26860 1073 2044 2819 3318 3490 3318 2819 2044 1073 62831 23900 23243 23103 23515 24377 25449 26333 26548 25944 24906 18371 18075 18406 19253 20325 21224 21565 21185 20265 19196 10975 10497 10726 11554 12626 13536 13965 13762 12998 11940 10676 10896 11716 12788 13704 14140 13944 13184 12127 11159 15939 16162 16950 18015 18961 19412 19174 18350 17279 16364 20815 21888 22718 22923 22396 21400 20358 19636 19469 19908 14733 14788 15461 16495 17504 18102 18047 17361 16320 15320 
15859 15050 13982 13052 12628 12887 13720 14792 15700 16107 8918 8070 7847 8369 9364 10407 11130 11307 10885 9992 23308 22285 21263 20592 20477 20952 21875 22946 23752 23900 62831 1073 2044 2819 3318 3490 3318 2819 2044 1073 5773 5877 5495 4694 3641 2681 2455 3194 4266 5201 22173 21732 20779 19717 18934 18691 19067 19940 21013 21886 14414 13815 12815 11773 11098 11082 11733 12766 13777 14400 17209 16336 15262 14390 14053 14386 15257 16331 17205 17543 15694 14820 14477 14801 15663 16737 17620 17968 17639 16767 10306 9857 8954 7881 7048 6869 7448 8469 9492 10172 
14972 14124 13051 12155 11797 12136 13022 14095 14955 15288 9891 9004 8697 9128 10080 11141 11928 12182 11823 10964 22555 21506 20517 19926 19916 20490 21470 22524 23230 23243 1073 62831 1073 2044 2819 3318 3490 3318 2819 2044 5588 5485 4924 4003 2929 2167 2404 3382 4428 5214 23015 22486 21491 20448 19728 19561 19999 20905 21978 22809 14355 13663 12626 11621 11048 11160 11906 12966 13931 14456 18188 17287 16215 15372 15074 15436 16319 17393 18255 18563 16750 15862 15488 15769 16599 17670 18582 18975 18679 17823 10357 9789 8817 7759 7043 7042 7755 8813 9786 10356 
14607 13697 12625 11796 11553 12005 12954 14017 14803 15027 10462 9512 9080 9380 10261 11334 12199 12565 12312 11524 22308 21238 20308 19825 19941 20619 21646 22663 23248 23103 2044 1073 62831 1073 2044 2819 3318 3490 3318 2819 6192 5908 5177 4150 3135 2705 3255 4299 5299 5976 24084 23536 22528 21494 20791 20634 21068 21965 23039 23881 14940 14174 13115 12153 11672 11882 12689 13759 14686 15134 19241 18351 17278 16423 16098 16421 17275 18348 19239 19588 17493 16559 16101 16287 17047 18106 19070 19559 19360 18561 11067 10412 9396 8367 7754 7871 8654 9722 10660 11159 
14907 13942 12882 12133 12004 12553 13544 14590 15304 15424 10461 9455 8896 9057 9856 10926 11855 12330 12196 11497 22630 21558 20696 20321 20545 21301 22353 23329 23800 23515 2819 2044 1073 62831 1073 2044 2819 3318 3490 3318 7227 6880 6079 5021 4068 3755 4327 5365 6371 7044 24991 24516 23531 22484 21737 21510 21865 22703 23773 24683 15941 15144 14078 13139 12696 12936 13755 14826 15745 16170 19962 19124 18051 17148 16739 16970 17758 18822 19769 20215 17631 16646 16086 16157 16833 17866 18877 19470 19394 18681 12119 11439 10411 9395 8811 8944 9725 10793 11733 12228 
15753 14759 13714 13017 12951 13544 14551 15587 16265 16328 9889 8848 8192 8246 8981 10042 11007 11553 11510 10890 23438 22374 21566 21259 21539 22327 23387 24342 24749 24377 3318 2819 2044 1073 62831 1073 2044 2819 3318 3490 8236 7933 7149 6094 5130 4748 5208 6201 7243 7987 25288 24979 24066 22997 22161 21807 22030 22770 23814 24805 16981 16201 15137 14188 13717 13914 14699 15764 16710 17177 20043 19288 18226 17266 16752 16869 17574 18615 19613 20171 17108 16087 15448 15431 16041 17050 18085 18748 18766 18132 13102 12457 11440 10412 9785 9849 10574 11629 12604 13157 
16826 15829 14786 14091 14015 14590 15587 16630 17325 17401 8915 7861 7162 7182 7908 8968 9935 10494 10479 9895 24502 23440 22640 22328 22585 23345 24395 25374 25817 25449 3490 3318 2819 2044 1073 62831 1073 2044 2819 3318 8895 8703 7996 6965 5953 5424 5704 6612 7681 8522 24794 24658 23847 22775 21857 21381 21481 22130 23140 24174 17668 16949 15899 14914 14365 14466 15178 16225 17215 17770 19447 18770 17730 16728 16131 16157 16797 17817 18842 19475 16133 15099 14428 14380 14975 15980 17018 17695 17743 17142 13668 13105 12123 11071 10358 10303 10931 11958 12976 13620 
17724 16751 15695 14951 14802 15305 16267 17327 18085 18239 7858 6810 6149 6245 7038 8109 9037 9535 9467 8850 25442 24371 23515 23111 23259 23923 24932 25967 26561 26333 3318 3490 3318 2819 2044 1073 62831 1073 2044 2819 9023 8976 8384 7407 6351 5658 5726 6512 7583 8513 23799 23742 22997 21934 20975 20436 20481 21095 22092 23136 17728 17100 16080 15055 14410 14395 15017 16033 17062 17713 18434 17793 16767 15748 15116 15110 15734 16749 17778 18428 15078 14051 13403 13397 14034 15058 16079 16715 16721 16095 13623 13164 12237 11167 10362 10173 10691 11676 12725 13458 
18096 17174 16104 15286 15027 15427 16332 17405 18241 18509 7146 6137 5613 5892 6797 7867 8711 9085 8890 8179 25795 24727 23782 23236 23227 23757 24693 25763 26534 26548 2819 3318 3490 3318 2819 2044 1073 62831 1073 2044 8587 8681 8219 7320 6247 5411 5272 5922 6971 7963 22757 22673 21923 20860 19902 19372 19441 20086 21100 22131 17137 16593 15610 14559 13836 13727 14275 15262 16311 17029 17403 16740 15708 14696 14087 14120 14783 15814 16827 17437 14339 13340 12768 12861 13580 14631 15614 16166 16076 15380 12982 12614 11745 10672 9795 9498 9925 10870 11934 12727 
17790 16931 15858 14972 14609 14911 15759 16832 17728 18098 7147 6217 5878 6340 7324 8372 9123 9364 9031 8213 25339 24304 23295 22637 22508 22940 23821 24894 25755 25944 2044 2819 3318 3490 3318 2819 2044 1073 62831 1073 7703 7894 7540 6723 5660 4724 4421 4967 5992 7011 22023 21841 21033 19962 19038 18578 18733 19453 20496 21490 16132 15628 14667 13607 12848 12698 13222 14200 15253 15989 16730 16000 14948 13968 13434 13564 14304 15360 16333 16858 14202 13251 12784 12996 13797 14865 15798 16248 16045 15265 11966 11641 10807 9737 8825 8476 8870 9805 10871 11679 
16933 16119 15050 14125 13700 13947 14765 15835 16756 17177 7861 7000 6776 7318 8327 9361 10065 10233 9816 8934 24356 23343 22312 21614 21450 21867 22748 23821 24684 24906 1073 2044 2819 3318 3490 3318 2819 2044 1073 62831 6629 6836 6523 5755 4710 3726 3354 3900 4936 5945 21810 21495 20609 19536 18676 18322 18593 19398 20464 21400 15095 14569 13601 12543 11799 11682 12245 13244 14285 14987 16656 15847 14778 13850 13421 13667 14487 15557 16477 16898 14722 13822 13444 13743 14596 15669 16560 16932 16638 15794 10938 10584 9739 8667 7766 7453 7901 8868 9923 10693 
11604 11156 10246 9173 8348 8157 8701 9705 10742 11450 13187 12688 12866 13644 14709 15657 16137 15967 15212 14154 18002 17105 16033 15185 14882 15240 16122 17196 18059 18371 5773 5588 6192 7227 8236 8895 9023 8587 7703 6629 62831 1073 2044 2819 3318 3490 3318 2819 2044 1073 19179 18296 17223 16360 16022 16334 17181 18254 19152 19513 8773 8081 7057 6037 5482 5731 6623 7694 8550 8944 16094 15022 14116 13724 14005 14845 15918 16821 17209 16930 18028 17580 17761 18508 19561 20537 21038 20833 20020 18949 4910 4221 3229 2178 1696 2346 3416 4368 4990 5180 
10837 10312 9362 8297 7536 7460 8110 9151 10153 10778 13863 13281 13356 14058 15103 16096 16666 16592 15904 14865 17603 16651 15588 14810 14614 15077 16019 17085 17874 18075 5877 5485 5908 6880 7933 8703 8976 8681 7894 6836 1073 62831 1073 2044 2819 3318 3490 3318 2819 2044 20003 19077 18009 17193 16921 17288 18165 19239 20107 20407 9067 8268 7207 6259 5883 6308 7277 8331 9103 9372 17139 16066 15172 14794 15078 15914 16986 17893 18281 17989 19031 18541 18663 19359 20394 21401 21966 21822 21040 19972 5495 4653 3588 2677 2569 3374 4448 5354 5881 5931 
10698 10064 9059 8021 7382 7475 8247 9314 10258 10770 13948 13271 13228 13838 14851 15882 16545 16586 15991 14986 17834 16835 15794 15097 15010 15566 16552 17601 18315 18406 5495 4924 5177 6079 7149 7996 8384 8219 7540 6523 2044 1073 62831 1073 2044 2819 3318 3490 3318 2819 21072 20138 19072 18264 17994 18351 19216 20290 21170 21481 9947 9092 8019 7128 6845 7334 8322 9368 10109 10322 18132 17061 16143 15715 15936 16725 17790 18735 19187 18952 19606 19024 19036 19638 20634 21678 22353 22339 21643 20593 6528 5643 4570 3719 3637 4390 5460 6399 6952 6998 
11253 10529 9487 8492 7971 8193 9038 10112 11006 11430 13414 12662 12525 13061 14046 15096 15821 15952 15438 14474 18617 17591 16572 15935 15915 16519 17524 18562 19231 19253 4694 4003 4150 5021 6094 6965 7407 7320 6723 5755 2819 2044 1073 62831 1073 2044 2819 3318 3490 3318 21993 21093 20021 19175 18838 19120 19929 20996 21929 22327 11020 10164 9092 8201 7901 8353 9319 10375 11145 11384 18690 17631 16665 16144 16259 16967 18011 19006 19561 19437 19505 18825 18719 19223 20170 21236 22007 22133 21549 20535 7540 6686 5616 4721 4502 5116 6159 7159 7808 7946 
12252 11491 10435 9466 8993 9251 10108 11181 12067 12467 12446 11661 11486 12000 12979 14031 14771 14932 14455 13513 19679 18647 17635 17007 16987 17582 18580 19623 20303 20325 3641 2929 3135 4068 5130 5953 6351 6247 5660 4710 3318 2819 2044 1073 62831 1073 2044 2819 3318 3490 22365 21542 20470 19557 19112 19277 20000 21043 22037 22564 11886 11075 10009 9076 8684 9031 9940 11011 11847 12174 18580 17547 16536 15918 15922 16546 17560 18590 19240 19236 18774 18030 17850 18295 19213 20284 21101 21307 20804 19826 8210 7439 6387 5414 5000 5419 6395 7446 8214 8491 
13293 12550 11498 10519 10016 10223 11041 12112 13030 13474 11388 10620 10484 11044 12045 13085 13787 13907 13404 12452 20631 19616 18587 17912 17825 18353 19317 20377 21123 21224 2681 2167 2705 3755 4748 5424 5658 5411 4724 3726 3490 3318 2819 2044 1073 62831 1073 2044 2819 3318 22004 21274 20216 19245 18697 18754 19395 20410 21440 22071 12256 11526 10479 9490 8973 9180 10008 11080 11990 12429 17848 16843 15806 15124 15055 15626 16619 17665 18365 18436 17719 16962 16776 17226 18152 19222 20030 20235 19744 18775 8364 7712 6708 5668 5056 5252 6124 7197 8069 8494 
13999 13320 12288 11277 10689 10788 11528 12587 13555 14088 10648 9954 9928 10584 11621 12627 13246 13268 12686 11696 21080 20109 19054 18298 18098 18522 19428 20500 21334 21565 2455 2404 3255 4327 5208 5704 5726 5272 4421 3354 3318 3490 3318 2819 2044 1073 62831 1073 2044 2819 21089 20417 19375 18375 17772 17774 18380 19381 20422 21091 12011 11376 10366 9332 8694 8763 9502 10562 11527 12067 16794 15797 14754 14058 13981 14556 15553 16596 17291 17368 16744 16026 15900 16414 17378 18438 19190 19324 18780 17791 7965 7442 6512 5441 4660 4642 5398 6467 7410 7953 
14123 13537 12544 11498 10808 10777 11419 12450 13463 14095 10551 9965 10076 10831 11893 12851 13371 13274 12595 11565 20818 19908 18837 18002 17694 18018 18863 19935 20835 21185 3194 3382 4299 5365 6201 6612 6512 5922 4967 3900 2819 3318 3490 3318 2819 2044 1073 62831 1073 2044 20019 19343 18302 17301 16703 16722 17351 18365 19396 20040 11231 10671 9701 8642 7919 7888 8566 9614 10606 11206 15817 14804 13773 13117 13103 13737 14760 15781 16421 16435 16204 15565 15546 16154 17162 18198 18863 18883 18249 17225 7111 6692 5840 4770 3873 3691 4373 5434 6403 7008 
13620 13127 12181 11115 10338 10192 10746 11746 12786 13492 11143 10648 10856 11669 12740 13662 14108 13922 13170 12115 19969 19104 18030 17150 16779 17049 17864 18932 19859 20265 4266 4428 5299 6371 7243 7681 7583 6971 5992 4936 2044 2819 3318 3490 3318 2819 2044 1073 62831 1073 19189 18456 17401 16426 15888 15987 16685 17726 18726 19294 10170 9635 8683 7618 6865 6815 7497 8548 9534 10133 15280 14239 13240 12671 12768 13490 14542 15524 16071 15978 16298 15754 15847 16542 17582 18583 19155 19056 18330 17276 6040 5649 4837 3780 2832 2622 3356 4427 5365 5940 
12668 12229 11319 10246 9420 9210 9722 10708 11756 12491 12156 11693 11923 12742 13813 14731 15163 14950 14172 13110 18895 18034 16961 16077 15708 15992 16822 17894 18806 19196 5201 5214 5976 7044 7987 8522 8513 7963 7011 5945 1073 2044 2819 3318 3490 3318 2819 2044 1073 62831 18874 18063 16994 16068 15629 15839 16621 17684 18634 19097 9214 8630 7656 6598 5897 5946 6714 7783 8724 9248 15386 14322 13372 12906 13118 13918 14986 15920 16371 16167 16990 16520 16689 17435 18489 19464 19970 19787 18995 17927 5146 4657 3796 2729 1848 1948 2905 3956 4765 5184 
18220 19276 20010 20108 19525 18517 17482 16798 16709 17247 16657 17717 18679 19164 18965 18170 17102 16166 15706 15893 12046 12879 13191 12876 12041 10970 10060 9700 10063 10975 22173 23015 24084 24991 25288 24794 23799 22757 22023 21810 19179 20003 21072 21993 22365 22004 21089 20019 19189 18874 62831 1073 2044 2819 3318 3490 3318 2819 2044 1073 12061 13118 14088 14621 14526 13838 12802 11796 11218 11322 5370 6025 7074 8065 8687 8774 8305 7402 6328 5500 9991 11053 12013 12540 12464 11807 10787 9762 9149 9241 14611 15591 16643 17372 17491 16952 15971 14919 14192 14073 
17331 18374 19061 19107 18492 17474 16447 15790 15747 16333 17052 18089 19095 19675 19581 18853 17799 16822 16278 16366 11553 12315 12531 12131 11244 10170 9314 9057 9529 10497 21732 22486 23536 24516 24979 24658 23742 22673 21841 21495 18296 19077 20138 21093 21542 21274 20417 19343 18456 18063 1073 62831 1073 2044 2819 3318 3490 3318 2819 2044 10992 12047 13022 13572 13508 12853 11831 10808 10193 10266 5530 6005 6997 8041 8782 9015 8680 7864 6799 5866 10682 11725 12724 13325 13325 12723 11725 10682 10008 10008 13638 14598 15658 16423 16601 16124 15175 14111 13332 13148 
16943 17954 18555 18498 17807 16764 15767 15185 15240 15911 16781 17782 18823 19501 19530 18898 17872 16853 16212 16185 11752 12423 12518 12007 11057 9992 9226 9112 9707 10726 20779 21491 22528 23531 24066 23847 22997 21923 21033 20609 17223 18009 19072 20021 20470 20216 19375 18302 17401 16994 2044 1073 62831 1073 2044 2819 3318 3490 3318 2819 10070 11135 12082 12586 12481 11803 10774 9759 9173 9298 5215 5502 6416 7484 8320 8687 8494 7788 6760 5745 10825 11830 12867 13561 13675 13168 12215 11151 10386 10257 12581 13553 14608 15359 15528 15052 14109 13043 12258 12078 
17194 18161 18661 18484 17707 16642 15693 15212 15381 16137 15951 16924 17980 18718 18835 18283 17291 16245 15533 15421 12552 13155 13158 12561 11565 10521 9841 9838 10511 11554 19717 20448 21494 22484 22997 22775 21934 20860 19962 19536 16360 17193 18264 19175 19557 19245 18375 17301 16426 16068 2819 2044 1073 62831 1073 2044 2819 3318 3490 3318 9687 10760 11646 12050 11844 11093 10041 9064 8579 8830 4477 4609 5460 6533 7420 7877 7794 7192 6217 5159 10376 11335 12395 13169 13393 12991 12099 11026 10175 9918 11847 12853 13889 14578 14673 14140 13169 12112 11373 11269 
17995 18924 19342 19070 18226 17153 16255 15860 16116 16927 14880 15851 16907 17652 17790 17265 16289 15235 14498 14361 13621 14210 14185 13555 12542 11511 10867 10895 11581 12626 18934 19728 20791 21737 22161 21857 20975 19902 19038 18676 16022 16921 17994 18838 19112 18697 17772 16703 15888 15629 3318 2819 2044 1073 62831 1073 2044 2819 3318 3490 10027 11094 11905 12194 11868 11032 9962 9052 8704 9095 3453 3536 4394 5467 6347 6813 6768 6220 5287 4216 9470 10396 11464 12282 12577 12253 11415 10344 9436 9087 11742 12784 13784 14380 14362 13736 12725 11692 11044 11064 
19061 19981 20373 20061 19186 18112 17242 16885 17168 17992 13968 14964 16008 16708 16796 16238 15250 14202 13490 13400 14553 15185 15203 14600 13595 12557 11886 11867 12508 13536 18691 19561 20634 21510 21807 21381 20436 19372 18578 18322 16334 17288 18351 19120 19277 18754 17774 16722 15987 15839 3490 3318 2819 2044 1073 62831 1073 2044 2819 3318 10926 11982 12744 12954 12543 11648 10575 9728 9482 9958 2435 2703 3679 4726 5512 5875 5751 5161 4215 3145 8397 9328 10395 11209 11509 11203 10385 9318 8391 8018 12315 13377 14335 14843 14719 14006 12962 11968 11419 11555 
19999 20948 21386 21109 20247 19174 18291 17905 18148 18936 13568 14600 15612 16229 16217 15581 14561 13536 12899 12912 15010 15722 15837 15309 14338 13282 12541 12421 12973 13965 19067 19999 21068 21865 22030 21481 20481 19441 18733 18593 17181 18165 19216 19929 20000 19395 18380 17351 16685 16621 3318 3490 3318 2819 2044 1073 62831 1073 2044 2819 11998 13055 13816 14015 13583 12669 11597 10773 10550 11031 2063 2746 3815 4765 5371 5529 5211 4470 3446 2429 7567 8545 9596 10352 10583 10221 9372 8300 7402 7101 13317 14385 15323 15786 15602 14839 13779 12817 12330 12525 
20425 21424 21968 21800 21001 19932 19001 18530 18673 19384 13843 14900 15870 16391 16265 15539 14489 13505 12968 13099 14827 15621 15849 15424 14508 13437 12615 12375 12820 13762 19940 20905 21965 22703 22770 22130 21095 20086 19453 19398 18254 19239 20290 20996 21043 20410 19381 18365 17726 17684 2819 3318 3490 3318 2819 2044 1073 62831 1073 2044 12845 13912 14719 14974 14585 13693 12620 11769 11492 11912 2741 3622 4691 5555 6018 5994 5487 4592 3519 2690 7383 8416 9428 10082 10186 9711 8793 7721 6910 6770 14356 15420 16371 16852 16675 15910 14850 13890 13401 13581 
20148 21186 21844 21816 21115 20065 19079 18502 18526 19144 14680 15747 16683 17134 16921 16129 15062 14121 13667 13882 14071 14919 15235 14902 14043 12970 12083 11744 12101 12998 21013 21978 23039 23773 23814 23140 22092 21100 20496 20464 19152 20107 21170 21929 22037 21440 20422 19396 18726 18634 2044 2819 3318 3490 3318 2819 2044 1073 62831 1073 13177 14250 15125 15480 15185 14348 13277 12369 11991 12306 3810 4692 5763 6627 7065 6982 6396 5437 4372 3664 7947 9008 9973 10527 10506 9916 8933 7880 7189 7216 15050 16098 17086 17640 17537 16820 15770 14784 14234 14336 
19294 20349 21075 21149 20535 19512 18490 17833 17769 18319 15752 16820 17752 18187 17946 17128 16058 15137 14712 14947 13014 13877 14224 13935 13110 12040 11122 10735 11058 11940 21886 22809 23881 24683 24805 24174 23136 22131 21490 21400 19513 20407 21481 22327 22564 22071 21091 20040 19294 19097 1073 2044 2819 3318 3490 3318 2819 2044 1073 62831 12882 13950 14885 15346 15162 14403 13345 12379 11889 12085 4761 5559 6631 7552 8059 8027 7465 6511 5445 4712 8961 10029 10972 11478 11390 10735 9719 8690 8077 8187 15147 16163 17191 17841 17852 17220 16198 15175 14534 14523 
9187 9772 9797 9257 8304 7238 6490 6454 7154 8210 18753 18939 19680 20730 21712 22215 21994 21161 20088 19183 10812 10358 9448 8376 7551 7374 7945 8962 9989 10676 14414 14355 14940 15941 16981 17668 17728 17137 16132 15095 8773 9067 9947 11020 11886 12256 12011 11231 10170 9214 12061 10992 10070 9687 10027 10926 11998 12845 13177 12882 62831 1073 2044 2819 3318 3490 3318 2819 2044 1073 12436 11664 11509 12040 13025 14074 14801 14944 14451 13500 18122 18611 19553 20620 21402 21551 20995 19994 18955 18251 4172 4569 5547 6596 7366 7661 7416 6685 5650 4645 
8399 8904 8853 8260 7283 6226 5534 5609 6401 7473 18938 19004 19652 20668 21696 22320 22240 21498 20438 19474 10903 10333 9358 8301 7589 7579 8278 9331 10313 10896 13815 13663 14174 15144 16201 16949 17100 16593 15628 14569 8081 8268 9092 10164 11075 11526 11376 10671 9635 8630 13118 12047 11135 10760 11094 11982 13055 13912 14250 13950 1073 62831 1073 2044 2819 3318 3490 3318 2819 2044 13430 12624 12408 12875 13828 14890 15668 15873 15428 14499 18982 19401 20299 21372 22215 22448 21954 20975 19923 19177 3841 3987 4863 5935 6803 7243 7159 6567 5603 4540 
8265 8633 8440 7735 6707 5692 5160 5447 6363 7431 18443 18406 18972 19954 21007 21717 21761 21116 20082 19072 11636 10985 9969 8940 8322 8421 9186 10251 11201 11716 12815 12626 13115 14078 15137 15899 16080 15610 14667 13601 7057 7207 8019 9092 10009 10479 10366 9701 8683 7656 14088 13022 12082 11646 11905 12744 13816 14719 15125 14885 2044 1073 62831 1073 2044 2819 3318 3490 3318 2819 14017 13148 12827 13190 14085 15158 16008 16317 15967 15091 19281 19587 20410 21479 22401 22772 22403 21481 20413 19589 3147 3074 3864 4938 5854 6385 6423 5960 5088 4017 
8856 9098 8770 7958 6894 5957 5612 6075 7062 8108 17477 17394 17932 18902 19959 20696 20789 20196 19182 18152 12693 12020 10992 9975 9382 9495 10256 11320 12274 12788 11773 11621 12153 13139 14188 14914 15055 14559 13607 12543 6037 6259 7128 8201 9076 9490 9332 8642 7618 6598 14621 13572 12586 12050 12194 12954 14015 14974 15480 15346 2819 2044 1073 62831 1073 2044 2819 3318 3490 3318 13992 13059 12627 12879 13707 14778 15691 16105 15864 15060 18889 19087 19836 20888 21865 22356 22121 21277 20204 19307 2179 2000 2819 3892 4787 5314 5387 4993 4196 3149 
9876 10066 9672 8806 7733 6854 6598 7117 8118 9157 16419 16362 16931 17920 18968 19673 19734 19126 18109 17082 13665 13028 12014 10984 10347 10392 11096 12146 13132 13704 11098 11048 11672 12696 13717 14365 14410 13836 12848 11799 5482 5883 6845 7901 8684 8973 8694 7919 6865 5897 14526 13508 12481 11844 11868 12543 13583 14585 15185 15162 3318 2819 2044 1073 62831 1073 2044 2819 3318 3490 13364 12388 11875 12046 12826 13891 14837 15319 15160 14418 17975 18116 18830 19873 20869 21412 21249 20460 19392 18455 1111 1261 2296 3305 4049 4425 4384 3930 3124 2083 
10901 11122 10744 9880 8807 7925 7644 8118 9095 10147 15661 15690 16336 17359 18381 19008 18977 18303 17264 16261 14205 13651 12672 11618 10898 10825 11433 12452 13478 14140 11082 11160 11882 12936 13914 14466 14395 13727 12698 11682 5731 6308 7334 8353 9031 9180 8763 7888 6815 5946 13838 12853 11803 11093 11032 11648 12669 13693 14348 14403 3490 3318 2819 2044 1073 62831 1073 2044 2819 3318 12353 11361 10821 10975 11752 12817 13764 14255 14116 13398 16904 17060 17794 18844 19827 20348 20176 19389 18322 17381 821 1759 2805 3633 4129 4230 3925 3252 2295 1224 
11574 11886 11588 10772 9705 8776 8396 8760 9680 10749 15485 15628 16362 17414 18394 18920 18769 18008 16947 15988 14124 13673 12749 11678 10869 10667 11167 12141 13195 13944 11733 11906 12689 13755 14699 15178 15017 14275 13222 12245 6623 7277 8322 9319 9940 10008 9502 8566 7497 6714 12802 11831 10774 10041 9962 10575 11597 12620 13277 13345 3318 3490 3318 2819 2044 1073 62831 1073 2044 2819 11320 10344 9847 10063 10889 11961 12873 13308 13121 12373 16076 16309 17103 18168 19110 19552 19302 18471 17398 16490 1808 2823 3848 4603 4963 4875 4351 3472 2402 1560 
11682 12110 11928 11194 10147 9160 8649 8870 9708 10781 15958 16200 17001 18067 19004 19437 19179 18342 17270 16365 13449 13087 12219 11145 10268 9963 10377 11313 12380 13184 12766 12966 13759 14826 15764 16225 16033 15262 14200 13244 7694 8331 9368 10375 11011 11080 10562 9614 8548 7783 11796 10808 9759 9064 9052 9728 10773 11769 12369 12379 2819 3318 3490 3318 2819 2044 1073 62831 1073 2044 10674 9748 9359 9699 10601 11673 12517 12849 12559 11742 15794 16136 17002 18076 18955 19284 18922 18025 16952 16105 2839 3795 4850 5654 6036 5926 5344 4400 3330 2609 
11192 11722 11657 11019 10009 8975 8341 8420 9171 10234 16902 17192 18019 19089 20006 20391 20071 19192 18118 17252 12419 12094 11257 10186 9277 8929 9315 10244 11311 12127 13777 13931 14686 15745 16710 17215 17062 16311 15253 14285 8550 9103 10109 11145 11847 11990 11527 10606 9534 8724 11218 10193 9173 8579 8704 9482 10550 11492 11991 11889 2044 2819 3318 3490 3318 2819 2044 1073 62831 1073 10702 9851 9595 10059 11022 12080 12849 13069 12667 11776 16164 16604 17528 18598 19411 19630 19159 18202 17141 16368 3640 4466 5540 6440 6933 6914 6386 5463 4391 3605 
