NAME: sphere_rand_ol_25x10
COMMENT: type = sphere, neigh_ang = 0.174532925199, neigh_size = 10
COMMENT: sphere_limit = 1.0471975512, rect_limit = [-1.0471975512, 0.785398163397, -0.785398163397, 1.74532925199]
TYPE: GTSP
DIMENSION: 250
GTSP_SETS: 25
EDGE_WEIGHT_TYPE: EXPLICIT
EDGE_WEIGHT_FORMAT: FULL_MATRIX
EDGE_WEIGHT_SECTION:
62831 1073 2044 2819 3318 3490 3318 2819 2044 1073 26849 25776 24887 24412 24454 25003 25939 27009 27768 27695 18624 17563 16792 16587 17021 17940 19011 19830 20054 19582 8754 7909 7695 8227 9228 10267 10982 11151 10723 9827 15807 15076 14942 15458 16425 17483 18232 18370 17840 16859 8309 7253 6551 6579 7322 8386 9343 9888 9867 9286 13372 12649 12553 13124 14123 15164 15861 15952 15405 14424 20614 19541 18686 18341 18620 19431 20498 21430 21829 21505 17786 16715 15792 15357 15576 16364 17429 18374 18828 18599 27175 26108 25154 24574 24494 24930 25791 26862 27747 27892 10804 9861 9438 9741 10622 11695 12560 12923 12664 11868 6618 6017 6193 7037 8110 9005 9450 9324 8663 7650 23068 22032 21024 20385 20313 20829 21776 22842 23609 23702 14913 13856 12887 12385 12563 13343 14409 15355 15834 15665 20282 19758 19828 20471 21483 22515 23144 23057 22301 21236 20517 19482 18789 18668 19159 20099 21167 21950 22093 21525 12564 11513 10533 10026 10229 11044 12115 13035 13482 13305 9304 8626 8643 9347 10399 11381 11958 11944 11344 10350 24814 24409 24525 25138 26111 27171 27839 27633 26720 25653 26077 25008 24066 23522 23509 24029 24957 26029 26813 26834 8882 7828 7135 7161 7892 8953 9917 10472 10452 9864 10248 9191 8475 8442 9111 10155 11152 11760 11787 11223 11570 10498 9602 9273 9673 10606 11673 12482 12762 12421 12592 11764 11525 11981 12931 13994 14777 14998 14575 13663 21363 20750 20704 21238 22193 23257 24008 24068 23404 22358 
1073 62831 1073 2044 2819 3318 3490 3318 2819 2044 25972 24910 24095 23738 23922 24604 25618 26649 27209 26910 17573 16517 15767 15602 16083 17030 18095 18874 19049 18544 7836 6946 6669 7167 8160 9203 9937 10143 9765 8908 16522 15728 15500 15925 16842 17913 18734 18974 18529 17588 9370 8318 7624 7640 8356 9413 10387 10953 10941 10354 12999 12198 11995 12479 13441 14500 15265 15455 15000 14067 19679 18611 17796 17519 17876 18743 19816 20695 21007 20606 16953 15879 14996 14637 14943 15793 16866 17760 18127 17815 26468 25395 24523 24079 24163 24755 25720 26783 27481 27338 11821 10857 10382 10615 11446 12519 13426 13850 13644 12879 5758 5068 5163 5978 7051 7963 8449 8386 7791 6816 23667 22605 21643 21092 21113 21700 22682 23735 24430 24402 15415 14345 13424 13013 13282 14119 15192 16097 16496 16235 20890 20273 20228 20769 21730 22792 23534 23591 22931 21889 21547 20522 19849 19741 20231 21166 22235 23024 23158 22567 13089 12022 11092 10683 10983 11853 12927 13802 14169 13900 8721 7952 7855 8482 9516 10527 11171 11247 10734 9788 24648 24086 24040 24519 25415 26488 27324 27403 26664 25596 25373 24300 23431 23010 23141 23793 24796 25836 26448 26248 9943 8894 8208 8223 8929 9984 10963 11537 11525 10932 11297 10246 9544 9515 10172 11211 12215 12833 12858 12282 12408 11334 10484 10224 10676 11630 12691 13472 13701 13300 11816 10938 10626 11023 11947 13016 13834 14114 13757 12890 22383 21730 21621 22086 22996 24069 24891 25041 24428 23393 
2044 1073 62831 1073 2044 2819 3318 3490 3318 2819 25488 24466 23768 23568 23913 24721 25782 26726 27045 26510 16840 15803 15119 15048 15618 16610 17656 18358 18431 17845 6764 5883 5651 6215 7237 8259 8946 9107 8702 7836 16631 15764 15425 15743 16596 17669 18561 18916 18583 17705 10335 9272 8521 8439 9070 10102 11114 11755 11822 11293 12125 11281 11020 11462 12407 13471 14262 14498 14096 13198 19195 18143 17403 17235 17697 18628 19697 20498 20686 20174 16657 15588 14773 14524 14938 15854 16925 17749 18003 17582 26178 25137 24387 24108 24362 25094 26127 27134 27598 27172 12470 11466 10894 11010 11759 12820 13783 14304 14200 13507 4688 4000 4152 5025 6097 6967 7407 7317 6718 5748 24644 23574 22640 22128 22177 22774 23755 24809 25495 25425 16375 15302 14408 14036 14334 15183 16256 17151 17524 17226 20811 20093 19925 20358 21259 22332 23170 23380 22850 21852 22560 21522 20808 20636 21057 21945 23019 23872 24095 23563 14069 12997 12092 11720 12045 12924 13997 14864 15210 14908 7747 6937 6797 7410 8442 9454 10109 10213 9738 8819 23819 23176 23053 23482 24356 25429 26299 26486 25862 24819 25126 24077 23314 23042 23325 24096 25148 26121 26532 26106 10905 9844 9102 9024 9649 10678 11694 12340 12405 11869 12285 11225 10478 10374 10962 11974 13005 13684 13776 13249 13480 12407 11558 11286 11714 12651 13718 14519 14767 14374 10756 9869 9552 9960 10896 11962 12768 13040 12688 11829 22976 22228 21991 22330 23152 24219 25145 25476 25009 24023 
2819 2044 1073 62831 1073 2044 2819 3318 3490 3318 25486 24540 23981 23941 24428 25331 26404 27230 27297 26554 16687 15685 15094 15138 15801 16831 17845 18454 18408 17727 5955 5166 5111 5829 6892 7855 8428 8464 7953 7027 16092 15171 14746 14980 15784 16852 17785 18221 17980 17163 10887 9814 8976 8755 9263 10250 11297 12033 12216 11789 11051 10209 9964 10434 11397 12456 13223 13436 13023 12124 19316 18295 17643 17587 18145 19125 20178 20896 20960 20340 17005 15950 15209 15061 15563 16524 17584 18345 18498 17980 26352 25383 24773 24654 25049 25878 26942 27868 28087 27413 12538 11496 10820 10807 11464 12499 13507 14125 14137 13538 3801 3276 3678 4673 5713 6467 6763 6541 5845 4831 25700 24634 23684 23133 23120 23647 24583 25653 26425 26446 17436 16364 15458 15058 15316 16134 17203 18126 18540 18273 20084 19302 19057 19427 20293 21366 22246 22540 22100 21145 23133 22070 21271 20978 21277 22082 23146 24086 24469 24078 15121 14051 13132 12726 13004 13848 14921 15820 16210 15943 6690 5908 5839 6528 7583 8563 9157 9205 8693 7760 22746 22106 22006 22474 23383 24456 25279 25419 24790 23749 25382 24387 23743 23610 24018 24871 25941 26837 27052 26428 11445 10372 9545 9333 9841 10825 11874 12612 12792 12355 12868 11796 10973 10750 11230 12195 13253 14016 14216 13782 14384 13311 12421 12073 12418 13306 14379 15236 15564 15240 9798 8950 8712 9207 10188 11238 11983 12180 11765 10871 22848 22001 21634 21846 22580 23623 24617 25111 24820 23918 
3318 2819 2044 1073 62831 1073 2044 2819 3318 3490 25967 25115 24687 24771 25349 26300 27368 28089 27933 27036 17168 16207 15700 15836 16563 17613 18597 19131 18987 18229 5843 5218 5392 6248 7321 8205 8645 8529 7886 6886 15113 14170 13711 13921 14715 15782 16721 17176 16968 16179 10859 9790 8871 8507 8886 9813 10881 11698 11998 11685 10180 9392 9243 9807 10814 11849 12545 12671 12186 11248 20005 19016 18434 18453 19066 20069 21109 21771 21749 21054 17870 16831 16136 16041 16580 17555 18610 19341 19444 18872 26961 26085 25599 25591 26063 26929 27999 28875 28892 28033 12002 10940 10183 10068 10651 11662 12694 13377 13477 12960 3644 3431 4104 5165 6135 6746 6863 6462 5628 4563 26386 25348 24342 23678 23522 23909 24749 25817 26728 26978 18196 17131 16184 15703 15867 16615 17671 18643 19149 18975 19029 18235 17983 18359 19236 20309 21178 21466 21037 20093 22977 21904 21020 20607 20788 21508 22549 23547 24070 23836 15856 14795 13835 13344 13524 14299 15362 16314 16795 16619 5987 5326 5450 6276 7350 8255 8727 8643 8026 7037 21841 21269 21263 21826 22793 23853 24577 24584 23871 22813 26094 25161 24614 24571 25040 25922 26995 27850 27929 27166 11395 10324 9417 9068 9453 10380 11448 12265 12559 12234 12851 11778 10880 10532 10896 11803 12875 13712 14023 13698 14794 13730 12783 12327 12556 13371 14441 15363 15797 15580 9344 8585 8491 9112 10141 11156 11806 11883 11362 10409 22065 21165 20723 20872 21567 22597 23610 24169 23975 23139 
3490 3318 2819 2044 1073 62831 1073 2044 2819 3318 26842 26066 25711 25837 26422 27362 28433 29153 28871 27884 18112 17176 16709 16878 17622 18676 19652 20159 19974 19180 6500 6005 6305 7214 8284 9123 9484 9269 8537 7495 14060 13130 12703 12958 13789 14860 15771 16182 15936 15128 10259 9207 8231 7758 8038 8919 9992 10857 11236 11015 9887 9199 9192 9871 10917 11911 12509 12515 11926 10935 21037 20061 19498 19526 20137 21136 22179 22844 22809 22092 18944 17905 17205 17093 17608 18567 19629 20385 20510 19945 27907 27099 26663 26661 27094 27900 28945 29912 29917 28953 11038 9969 9176 9021 9584 10591 11626 12323 12452 11972 4345 4330 5100 6171 7105 7640 7649 7130 6205 5133 26284 25323 24267 23479 23171 23416 24156 25196 26192 26659 18350 17306 16311 15730 15780 16442 17470 18486 19095 19043 18054 17297 17107 17550 18471 19542 20356 20568 20079 19110 22176 21106 20176 19696 19816 20498 21527 22542 23121 22973 15999 14962 13956 13364 13426 14116 15158 16157 16738 16677 6032 5550 5877 6807 7872 8692 9033 8805 8068 7026 21384 20923 21047 21721 22742 23765 24353 24190 23368 22296 27113 26211 25687 25634 26063 26896 27958 28882 28998 28186 10772 9714 8751 8300 8593 9476 10549 11412 11782 11544 12239 11177 10226 9784 10061 10924 11998 12879 13264 13024 14562 13520 12523 11964 12082 12825 13882 14852 15378 15268 9616 8962 9004 9722 10777 11754 12315 12280 11659 10655 20997 20092 19653 19818 20536 21578 22575 23106 22902 22070 
3318 3490 3318 2819 2044 1073 62831 1073 2044 2819 27913 27134 26731 26759 27215 28036 29086 30034 29944 28945 19178 18234 17744 17876 18585 19627 20625 21175 21024 20244 7547 7076 7373 8270 9341 10192 10557 10330 9577 8526 13332 12449 12113 12469 13364 14437 15287 15604 15268 14405 9270 8230 7230 6713 6967 7845 8918 9786 10181 9991 10314 9725 9837 10595 11658 12614 13131 13035 12358 11328 22048 21053 20444 20406 20951 21913 22975 23713 23762 23094 19824 18769 18015 17822 18256 19168 20240 21066 21286 20796 28978 28130 27591 27421 27641 28225 29107 30169 30905 30026 9978 8911 8139 8034 8653 9682 10697 11348 11432 10923 5410 5399 6140 7205 8159 8712 8719 8179 7232 6165 25464 24573 23501 22645 22253 22430 23129 24157 25172 25717 17835 16820 15790 15129 15087 15680 16683 17722 18402 18446 17506 16825 16741 17283 18258 19313 20044 20136 19549 18539 21105 20036 19103 18625 18761 19465 20504 21506 22059 21899 15495 14491 13453 12778 12744 13365 14384 15409 16061 16094 6796 6430 6851 7814 8871 9650 9920 9607 8798 7733 21506 21169 21420 22188 23242 24212 24656 24323 23404 22336 28139 27187 26560 26358 26610 27280 28259 29319 29845 29208 9769 8721 7736 7247 7521 8403 9476 10339 10722 10511 11238 10183 9211 8734 8991 9850 10924 11808 12208 11995 13773 12753 11728 11103 11152 11852 12900 13890 14465 14421 10479 9888 9994 10746 11808 12768 13290 13198 12523 11495 20058 19189 18818 19064 19849 20910 21863 22301 22008 21131 
2819 3318 3490 3318 2819 2044 1073 62831 1073 2044 28776 27858 27250 27032 27231 27821 28727 29799 30522 29849 19960 18979 18410 18446 19074 20083 21118 21764 21722 21013 8540 8005 8210 9045 10118 11021 11458 11294 10580 9540 13220 12411 12193 12661 13614 14677 15453 15659 15216 14289 8221 7174 6188 5725 6067 7001 8066 8881 9211 8970 11257 10717 10872 11651 12717 13662 14151 14012 13294 12249 22620 21586 20883 20723 21154 22048 23122 23967 24175 23628 20147 19076 18244 17938 18261 19104 20175 21078 21429 21060 29654 28628 27833 27372 27301 27627 28312 29272 30342 30651 9235 8186 7504 7538 8269 9329 10295 10848 10822 10224 6371 6250 6888 7930 8931 9565 9652 9169 8250 7178 24390 23507 22435 21571 21184 21382 22111 23153 24148 24655 16861 15864 14821 14125 14048 14621 15618 16661 17357 17435 17575 16988 17017 17652 18668 19697 20335 20303 19615 18570 20178 19105 18205 17792 18007 18777 19836 20797 21264 21019 14536 13551 12501 11787 11712 12310 13322 14353 15026 15095 7864 7503 7903 8848 9911 10709 10993 10677 9857 8789 22173 21936 22275 23098 24165 25090 25421 24955 23970 22923 28616 27562 26743 26309 26327 26794 27638 28700 29610 29562 8729 7674 6706 6275 6634 7570 8635 9446 9764 9501 10197 9137 8181 7752 8079 8985 10056 10897 11240 10980 12709 11694 10664 10030 10083 10795 11848 12829 13393 13348 11553 10956 11040 11767 12822 13798 14344 14268 13597 12568 19562 18764 18500 18860 19723 20796 21679 21987 21568 20627 
2044 2819 3318 3490 3318 2819 2044 1073 62831 1073 28780 27725 26903 26457 26456 26900 27721 28775 29719 29721 20129 19104 18437 18353 18880 19842 20903 21652 21750 21148 9160 8517 8581 9320 10380 11345 11887 11835 11204 10197 13771 13031 12907 13450 14437 15486 16206 16326 15799 14827 7541 6473 5558 5267 5792 6804 7835 8544 8741 8375 12321 11762 11881 12626 13684 14652 15176 15065 14361 13319 22473 21410 20613 20332 20650 21474 22542 23465 23821 23419 19768 18695 17797 17392 17621 18402 19464 20417 20869 20612 29220 28152 27192 26553 26337 26578 27238 28211 29274 29827 9155 8147 7599 7797 8632 9705 10607 11047 10893 10189 6962 6677 7168 8158 9203 9941 10154 9780 8928 7856 23482 22556 21488 20669 20355 20642 21442 22506 23449 23845 15806 14802 13764 13087 13046 13658 14674 15703 16362 16402 18238 17727 17836 18528 19564 20570 21142 21018 20256 19193 19704 18633 17797 17488 17814 18661 19733 20632 20979 20613 13475 12484 11437 10740 10701 11337 12366 13382 14018 14053 8808 8368 8671 9559 10632 11490 11852 11604 10825 9765 23190 22990 23347 24171 25237 26163 26466 25941 24926 23897 28122 27052 26107 25521 25407 25784 26584 27637 28598 28838 8077 7006 6111 5844 6372 7381 8414 9124 9313 8930 9532 8460 7567 7273 7741 8719 9770 10526 10753 10386 11763 10731 9720 9145 9284 10066 11133 12074 12567 12451 12434 11775 11771 12425 13458 14469 15089 15092 14478 13469 19667 18954 18806 19271 20196 21267 22072 22248 21706 20708 
1073 2044 2819 3318 3490 3318 2819 2044 1073 62831 27921 26847 25944 25424 25385 25835 26689 27757 28651 28733 19606 18555 17812 17637 18089 19012 20082 20893 21092 20585 9238 8482 8394 9020 10052 11065 11710 11781 11257 10302 14760 14051 13957 14517 15508 16554 17263 17356 16797 15807 7578 6506 5712 5630 6315 7369 8350 8949 9004 8503 13117 12486 12510 13179 14216 15222 15827 15804 15162 14141 21683 20610 19760 19410 19673 20464 21526 22475 22897 22578 18857 17787 16858 16406 16595 17356 18414 19379 19866 19661 28178 27127 26138 25479 25283 25585 26329 27361 28368 28764 9776 8816 8371 8668 9553 10626 11487 11854 11611 10835 7050 6594 6919 7834 8903 9735 10079 9837 9078 8026 23001 22014 20967 20229 20032 20437 21319 22393 23254 23501 15063 14032 13019 12413 12471 13165 14210 15204 15783 15729 19263 18779 18906 19602 20637 21644 22207 22057 21268 20200 19830 18774 18016 17818 18247 19156 20229 21058 21284 20799 12714 11695 10669 10049 10117 10841 11896 12872 13424 13365 9336 8777 8941 9742 10812 11740 12212 12077 11378 10342 24218 23960 24239 24992 26035 27026 27451 26993 25991 24955 27092 26032 25059 24450 24340 24752 25599 26667 27571 27765 8139 7070 6290 6215 6890 7940 8927 9533 9587 9075 9553 8482 7687 7555 8160 9186 10204 10866 10969 10482 11318 10259 9297 8842 9120 9990 11064 11938 12321 12089 12823 12076 11952 12505 13500 14544 15254 15370 14848 13882 20338 19699 19634 20165 21122 22185 22936 23016 22383 21349 
26849 25972 25488 25486 25967 26842 27913 28776 28780 27921 62831 1073 2044 2819 3318 3490 3318 2819 2044 1073 8815 9804 10404 10439 9899 8942 7878 7132 7086 7766 20388 20837 20577 19730 18657 17761 17359 17591 18375 19438 20106 20754 20729 20042 18997 18002 17413 17436 18062 19073 25371 26322 27390 28109 27950 27050 25982 25131 24705 24791 19150 19433 19023 18099 17030 16213 15948 16333 17225 18299 6306 7369 8178 8511 8286 7557 6520 5518 5027 5365 9064 10133 11066 11553 11442 10768 9744 8724 8134 8272 1162 1337 2370 3380 4125 4496 4446 3981 3161 2114 24806 25844 26447 26236 25355 24282 23418 23003 23142 23800 22505 22545 21887 20847 19844 19226 19194 19757 20733 21789 9071 9785 10840 11818 12383 12350 11731 10727 9688 9032 15585 16455 17529 18404 18732 18375 17484 16411 15557 15242 15553 15940 15672 14852 13782 12861 12455 12736 13584 14657 13812 14881 15811 16256 16046 15262 14198 13250 12789 13007 17754 18596 19668 20571 20926 20569 19665 18594 17752 17435 21645 21773 21197 20187 19154 18467 18357 18860 19809 20874 9775 9670 9020 8011 6975 6358 6502 7322 8395 9306 1399 2183 3256 4157 4716 4850 4541 3832 2835 1788 24933 25917 26971 27616 27395 26483 25416 24576 24177 24305 23482 24492 25527 26127 25926 25056 23983 23109 22686 22822 20301 21206 22279 23112 23314 22778 21778 20738 20024 19862 17867 18302 18059 17240 16169 15250 14826 15062 15866 16934 14366 15095 15237 14741 13787 12724 11955 11802 12332 13317 
25776 24910 24466 24540 25115 26066 27134 27858 27725 26847 1073 62831 1073 2044 2819 3318 3490 3318 2819 2044 7956 8907 9448 9428 8854 7884 6824 6112 6139 6890 19750 20107 19762 18869 17796 16943 16616 16933 17779 18852 21166 21791 21722 20993 19936 18964 18416 18475 19121 20138 25537 26367 27430 28356 28536 27803 26732 25791 25218 25128 19343 19506 18986 18006 16954 16217 16065 16554 17504 18568 5271 6325 7113 7437 7227 6527 5507 4483 3956 4307 7990 9060 9993 10491 10408 9767 8759 7723 7093 7203 1846 1242 1896 2969 3906 4524 4732 4503 3867 2918 25713 26774 27461 27305 26428 25356 24488 24052 24143 24743 21798 21736 21011 19955 18981 18428 18481 19123 20138 21168 9449 10058 11081 12103 12763 12841 12311 11349 10288 9541 15338 16138 17205 18141 18579 18337 17516 16446 15527 15104 16601 16960 16652 15799 14726 13834 13470 13783 14644 15717 14524 15581 16551 17067 16927 16187 15133 14158 13636 13778 17401 18171 19230 20191 20661 20427 19598 18526 17616 17191 21357 21356 20680 19638 18639 18038 18039 18642 19642 20684 10651 10461 9735 8693 7697 7184 7431 8300 9373 10249 1291 1475 2499 3517 4270 4643 4586 4106 3270 2214 25174 26059 27132 27982 28044 27264 26191 25267 24733 24699 23780 24719 25789 26552 26554 25793 24724 23783 23245 23244 20233 21061 22130 23049 23403 23006 22067 21002 20198 19913 17599 17928 17581 16699 15626 14762 14438 14780 15653 16727 15380 16133 16298 15813 14861 13797 13024 12852 13354 14322 
24887 24095 23768 23981 24687 25711 26731 27250 26903 25944 2044 1073 62831 1073 2044 2819 3318 3490 3318 2819 7714 8586 9004 8857 8183 7167 6138 5556 5769 6641 19687 19923 19464 18512 17450 16669 16452 16876 17790 18861 22124 22795 22769 22058 21004 20025 19455 19477 20083 21080 24924 25641 26664 27684 28166 27717 26707 25676 24944 24676 20086 20154 19546 18529 17502 16839 16777 17338 18322 19373 4682 5687 6367 6575 6271 5515 4475 3481 3092 3643 7143 8217 9105 9538 9400 8726 7707 6681 6097 6291 2410 1403 1309 2267 3314 4128 4581 4609 4210 3437 25991 27062 27934 28039 27286 26216 25278 24722 24666 25120 21621 21424 20611 19540 18619 18168 18338 19072 20121 21106 9253 9745 10722 11774 12523 12719 12298 11397 10324 9485 14533 15283 16340 17309 17818 17662 16905 15845 14882 14379 17588 17985 17705 16864 15791 14889 14500 14775 15606 16678 14649 15680 16694 17307 17279 16621 15591 14576 13962 13990 16517 17242 18290 19277 19810 19659 18891 17827 16874 16377 21655 21520 20746 19680 18733 18234 18350 19043 20079 21086 11724 11530 10790 9741 8757 8257 8497 9351 10425 11313 1408 717 1510 2575 3455 4021 4204 3983 3383 2479 24634 25413 26463 27437 27796 27257 26226 25212 24522 24315 23321 24178 25250 26139 26370 25786 24754 23741 23071 22918 19519 20285 21342 22309 22772 22499 21629 20556 19680 19294 17963 18183 17729 16786 15720 14930 14715 15159 16091 17159 16000 16816 17065 16649 15731 14661 13838 13586 14007 14930 
24412 23738 23568 23941 24771 25837 26759 27032 26457 25424 2819 2044 1073 62831 1073 2044 2819 3318 3490 3318 8221 9005 9291 9004 8219 7161 6202 5800 6203 7164 20217 20341 19778 18778 17738 17037 16925 17441 18402 19463 22570 23340 23442 22820 21789 20775 20127 20047 20558 21504 23889 24577 25593 26621 27172 26864 25924 24862 24050 23699 21136 21169 20523 19489 18479 17851 17822 18402 19391 20439 4924 5827 6339 6357 5878 4996 3924 3070 3034 3850 6939 7999 8795 9100 8836 8071 7019 6044 5611 5988 2762 1703 831 1346 2419 3362 4012 4286 4149 3619 25459 26500 27494 27907 27409 26389 25366 24654 24418 24707 22023 21698 20805 19732 18879 18534 18812 19620 20687 21621 8535 8934 9871 10936 11742 12025 11695 10857 9786 8878 13465 14210 15266 16237 16757 16624 15892 14840 13860 13330 18135 18622 18431 17645 16579 15636 15166 15349 16115 17175 14144 15142 16184 16880 16961 16395 15402 14356 13653 13570 15443 16173 17224 18206 18737 18595 17841 16782 15818 15307 22455 22220 21375 20302 19406 18988 19184 19932 20983 21962 12594 12465 11767 10732 9725 9164 9317 10108 11177 12112 1667 637 454 1502 2406 3077 3447 3476 3162 2538 23623 24366 25407 26402 26860 26467 25497 24444 23668 23371 22350 23170 24235 25165 25501 25039 24055 23007 22256 22016 18468 19219 20273 21247 21738 21511 20678 19605 18699 18273 18834 18980 18451 17469 16418 15687 15548 16054 17014 18075 15995 16881 17240 16931 16076 15003 14113 13751 14062 14921 
24454 23922 23913 24428 25349 26422 27215 27231 26456 25385 3318 2819 2044 1073 62831 1073 2044 2819 3318 3490 9212 9952 10165 9793 8941 7870 6974 6688 7178 8167 21175 21233 20605 19578 18560 17916 17866 18426 19407 20460 22283 23149 23406 22918 21937 20887 20141 19934 20331 21209 22880 23617 24659 25654 26132 25791 24852 23789 22979 22648 22118 22199 21578 20551 19533 18883 18815 19351 20315 21376 5825 6656 7046 6914 6286 5305 4249 3603 3837 4760 7494 8523 9221 9393 8993 8128 7056 6174 5932 6479 2858 1997 954 296 1351 2340 3109 3576 3692 3444 24446 25469 26490 27022 26701 25757 24696 23888 23545 23746 22892 22479 21536 20472 19674 19404 19745 20590 21662 22563 7499 7869 8799 9866 10681 10989 10699 9895 8831 7890 12532 13320 14387 15328 15798 15619 14861 13803 12837 12344 18019 18608 18537 17835 16789 15797 15227 15296 15976 17012 13188 14166 15219 15955 16100 15597 14638 13576 12816 12665 14582 15364 16428 17376 17845 17643 16854 15788 14846 14383 23517 23251 22378 21305 20432 20043 20255 21005 22056 23035 12963 12944 12331 11328 10289 9626 9648 10343 11392 12380 1939 1376 890 934 1451 2005 2428 2646 2631 2383 22592 23372 24428 25392 25799 25395 24432 23376 22594 22308 21296 22136 23207 24114 24428 23973 22999 21946 21184 20944 17485 18273 19337 20284 20727 20464 19616 18542 17648 17249 19907 20045 19497 18503 17458 16746 16620 17127 18084 19147 15365 16301 16754 16548 15763 14699 13752 13290 13501 14298 
25003 24604 24721 25331 26300 27362 28036 27821 26900 25835 3490 3318 2819 2044 1073 62831 1073 2044 2819 3318 10257 11015 11239 10862 9999 8926 8043 7760 8230 9204 22238 22307 21674 20643 19630 18990 18933 19477 20445 21504 21407 22322 22681 22302 21375 20307 19489 19191 19507 20337 22227 23051 24118 25043 25373 24908 23924 22876 22125 21888 22615 22821 22296 21303 20259 19536 19367 19806 20713 21786 6895 7729 8104 7930 7249 6233 5204 4639 4911 5828 8507 9519 10170 10270 9789 8868 7796 6991 6857 7474 2687 2194 1513 782 638 1324 2036 2584 2894 2929 23416 24455 25455 25952 25637 24712 23645 22820 22471 22689 23965 23537 22579 21520 20738 20477 20814 21648 22718 23631 6495 6933 7903 8957 9726 9982 9654 8834 7767 6840 12105 12965 14038 14923 15296 15022 14200 13130 12210 11810 17288 17950 17977 17357 16339 15312 14660 14634 15244 16255 12125 13111 14160 14886 15026 14530 13578 12514 11745 11592 14263 15117 16190 17081 17447 17142 16289 15215 14325 13958 24462 24262 23418 22345 21450 21015 21166 21860 22889 23903 12709 12809 12298 11347 10282 9517 9400 9988 11004 12032 2131 2101 1955 1729 1496 1361 1406 1603 1844 2038 21887 22744 23816 24706 24979 24472 23474 22434 21707 21507 20532 21431 22504 23344 23554 23021 22021 20982 20267 20100 16925 17779 18852 19743 20087 19729 18830 17758 16912 16596 20782 20987 20487 19512 18458 17711 17529 17976 18897 19968 14348 15303 15799 15650 14912 13859 12881 12361 12518 13286 
25939 25618 25782 26404 27368 28433 29086 28727 27721 26689 3318 3490 3318 2819 2044 1073 62831 1073 2044 2819 10989 11808 12110 11797 10971 9902 8983 8619 8996 9921 22988 23156 22593 21583 20550 19856 19721 20186 21108 22179 20333 21250 21623 21274 20370 19299 18456 18132 18435 19263 22110 23022 24095 24914 25058 24439 23404 22395 21746 21641 22383 22732 22341 21409 20343 19531 19242 19567 20402 21473 7743 8633 9077 8958 8305 7298 6261 5648 5821 6669 9537 10561 11232 11343 10859 9929 8859 8063 7924 8516 2268 2249 2076 1785 1456 1231 1266 1532 1862 2130 22710 23773 24716 25090 24676 23715 22657 21876 21600 21906 24841 24498 23572 22505 21683 21353 21609 22379 23434 24403 5977 6568 7597 8613 9282 9416 8980 8092 7018 6166 12368 13292 14361 15178 15443 15059 14167 13094 12242 11958 16234 16918 16983 16403 15404 14362 13671 13605 14192 15196 11362 12380 13407 14072 14142 13593 12616 11561 10837 10758 14613 15528 16599 17424 17683 17270 16351 15280 14459 14202 24847 24811 24063 22999 22044 21503 21530 22117 23096 24151 11917 12103 11679 10781 9708 8866 8640 9147 10132 11180 2198 2649 2857 2798 2478 1937 1257 668 882 1565 21713 22648 23717 24501 24598 23952 22911 21910 21281 21209 20298 21261 22322 23062 23124 22476 21437 20432 19806 19756 16986 17906 18977 19794 20016 19543 18584 17524 16753 16550 21085 21412 21021 20096 19028 18209 17923 18266 19122 20195 13320 14261 14737 14577 13839 12787 11808 11291 11466 12254 
27009 26649 26726 27230 28089 29153 30034 29799 28775 27757 2819 3318 3490 3318 2819 2044 1073 62831 1073 2044 11180 12073 12485 12282 11530 10477 9502 9016 9258 10106 23067 23386 22955 21999 20939 20156 19899 20249 21096 22168 19464 20340 20653 20257 19334 18265 17445 17165 17521 18390 22561 23537 24593 25293 25248 24487 23420 22474 21944 21976 21539 21977 21690 20819 19746 18872 18495 18740 19526 20588 8137 9099 9655 9651 9087 8121 7060 6337 6343 7074 10234 11283 12023 12212 11790 10892 9819 8976 8748 9250 1658 2152 2490 2617 2517 2202 1723 1187 873 1129 22520 23594 24444 24649 24091 23076 22048 21354 21200 21630 25084 24914 24079 23006 22105 21653 21776 22440 23456 24485 6252 6986 8049 9009 9564 9560 8996 8031 6970 6245 13206 14165 15225 15993 16181 15716 14776 13709 12919 12723 15256 15906 15939 15340 14337 13298 12623 12589 13212 14232 11224 12275 13260 13831 13789 13148 12132 11104 10471 10519 15492 16439 17504 18285 18470 17980 17018 15958 15195 15017 24449 24589 23978 22946 21933 21278 21173 21649 22567 23639 10854 11064 10676 9807 8733 7857 7589 8076 9059 10108 2125 2949 3488 3685 3518 3005 2202 1192 200 1103 22115 23109 24155 24817 24734 23957 22888 21949 21438 21499 20664 21675 22708 23336 23243 22480 21415 20465 19946 20020 17648 18611 19671 20421 20536 19964 18959 17922 17230 17126 20675 21120 20854 20001 18928 18038 17642 17877 18662 19724 12676 13569 13967 13732 12945 11882 10933 10488 10753 11603 
27768 27209 27045 27297 27933 28871 29944 30522 29719 28651 2044 2819 3318 3490 3318 2819 2044 1073 62831 1073 10772 11726 12244 12161 11502 10481 9457 8847 8948 9708 22433 22873 22573 21688 20615 19754 19389 19636 20416 21476 19089 19893 20096 19604 18635 17579 16822 16637 17091 18019 23457 24466 25502 26105 25908 25041 23968 23092 22666 22799 20466 20914 20653 19805 18732 17837 17436 17668 18452 19515 7982 9002 9676 9810 9368 8474 7400 6557 6372 6957 10388 11457 12281 12583 12267 11435 10364 9451 9093 9467 972 1922 2689 3195 3386 3244 2782 2050 1121 129 22894 23957 24695 24721 24019 22963 21986 21404 21385 21935 24547 24547 23829 22770 21800 21233 21233 21801 22772 23830 7150 7946 9016 9944 10434 10342 9695 8685 7650 7028 14278 15238 16299 17063 17234 16745 15788 14726 13959 13786 14721 15291 15232 14567 13537 12522 11917 11980 12683 13731 11774 12841 13781 14260 14109 13381 12332 11346 10819 10987 16566 17511 18576 19358 19533 19022 18047 16993 16249 16087 23498 23728 23210 22215 21172 20448 20266 20683 21571 22645 9907 10063 9637 8750 7676 6822 6612 7170 8185 9214 1928 2968 3779 4247 4312 3966 3252 2265 1209 961 22983 24007 25028 25589 25359 24483 23410 22542 22133 22295 21519 22555 23560 24099 23883 23035 21961 21069 20644 20810 18674 19651 20706 21426 21487 20859 19831 18815 18170 18117 19742 20251 20065 19270 18202 17267 16800 16969 17713 18766 12682 13503 13790 13445 12586 11512 10626 10301 10691 11613 
27695 26910 26510 26554 27036 27884 28945 29849 29721 28733 1073 2044 2819 3318 3490 3318 2819 2044 1073 62831 9889 10876 11464 11471 10894 9914 8860 8156 8148 8839 21399 21881 21644 20803 19730 18831 18413 18616 19372 20427 19328 20047 20124 19524 18509 17480 16810 16740 17295 18276 24531 25537 26575 27164 26900 25980 24913 24082 23704 23866 19569 19958 19647 18775 17702 16828 16469 16756 17583 18654 7316 8368 9132 9391 9075 8269 7206 6265 5902 6341 9956 11030 11923 12337 12137 11389 10337 9359 8869 9109 641 1615 2647 3458 3945 4050 3762 3115 2184 1110 23737 24779 25419 25290 24474 23401 22488 22013 22103 22737 23538 23609 22960 21920 20917 20291 20236 20767 21723 22786 8221 9004 10072 11010 11507 11409 10745 9725 8701 8098 15182 16111 17180 17987 18212 17761 16820 15754 14961 14742 14834 15304 15130 14379 13323 12352 11852 12038 12828 13895 12768 13839 14757 15187 14973 14193 13130 12178 11717 11948 17432 18340 19412 20243 20482 20019 19062 18001 17226 17011 22437 22655 22143 21155 20108 19375 19195 19626 20529 21602 9478 9511 8980 8034 6967 6206 6161 6860 7916 8893 1655 2702 3699 4411 4731 4613 4075 3193 2124 1295 24056 25081 26100 26636 26338 25411 24345 23521 23163 23356 22591 23629 24631 25148 24881 23991 22919 22062 21677 21871 19692 20651 21713 22464 22552 21933 20905 19888 19237 19164 18675 19177 18997 18214 17148 16204 15728 15897 16649 17705 13335 14091 14279 13834 12912 11842 11028 10818 11309 12279 
18624 17573 16840 16687 17168 18112 19178 19960 20129 19606 8815 7956 7714 8221 9212 10257 10989 11180 10772 9889 62831 1073 2044 2819 3318 3490 3318 2819 2044 1073 12002 12211 11807 10920 9847 8991 8739 9220 10194 11248 24514 24099 23143 22083 21298 21025 21342 22159 23225 24155 25904 25190 24937 25194 25910 26932 27954 28428 27948 26924 14928 14416 13455 12394 11638 11506 12058 13053 14096 14807 3528 3165 3733 4776 5777 6449 6644 6326 5558 4513 4703 4972 5886 6954 7790 8167 7994 7313 6296 5268 9801 9031 8913 9508 10527 11553 12224 12321 11814 10867 29126 28054 27115 26509 26334 26613 27307 28300 29350 29812 13909 13781 13073 12031 11033 10481 10627 11400 12465 13414 16685 16913 17700 18763 19712 20160 19911 19075 18002 17097 18536 18630 19303 20330 21347 21941 21830 21070 20007 19052 21062 20659 19730 18662 17850 17575 17933 18800 19873 20752 22352 23363 24397 25010 24862 24040 22967 22057 21591 21699 19228 19209 19784 20767 21819 22523 22545 21874 20830 19833 14451 14058 13166 12092 11241 10970 11402 12343 13409 14205 14160 13278 12205 11342 11051 11463 12393 13461 14272 14536 9055 8344 8323 9001 10048 11041 11640 11658 11088 10110 26364 25699 25488 25768 26489 27509 28533 28974 28406 27354 26731 26319 26360 26848 27706 28771 29658 29547 28579 27532 22908 22838 23319 24229 25302 26120 26226 25547 24492 23511 11230 11078 10376 9341 8334 7783 7975 8805 9878 10784 22796 23232 22922 22028 20955 20103 19747 19998 20779 21839 
17563 16517 15803 15685 16207 17176 18234 18979 19104 18555 9804 8907 8586 9005 9952 11015 11808 12073 11726 10876 1073 62831 1073 2044 2819 3318 3490 3318 2819 2044 11223 11352 10884 9964 8892 8083 7920 8494 9508 10537 25020 24457 23439 22413 21724 21570 21995 22879 23952 24810 24897 24143 23865 24126 24867 25906 26905 27356 26930 25941 14816 14206 13200 12163 11499 11492 12147 13180 14191 14810 4142 3519 3788 4728 5789 6604 6974 6823 6182 5193 4521 4548 5337 6409 7334 7850 7834 7288 6346 5277 10754 9937 9736 10248 11232 12281 13018 13191 12743 11825 28210 27145 26298 25845 25862 26348 27218 28288 29156 29115 13046 12853 12104 11051 10075 9582 9807 10639 11712 12618 17342 17476 18190 19233 20228 20773 20623 19847 18782 17835 18350 18327 18908 19896 20945 21642 21668 21011 19973 18968 21926 21445 20473 19418 18661 18457 18874 19772 20846 21688 23140 24107 25168 25881 25835 25061 23991 23054 22533 22564 18796 18670 19156 20093 21161 21949 22098 21535 20529 19494 13878 13397 12457 11390 10603 10439 10975 11967 13012 13733 15103 14188 13117 12292 12051 12499 13444 14508 15299 15525 9957 9185 9062 9650 10667 11694 12371 12474 11970 11023 25382 24663 24418 24698 25444 26482 27481 27908 27425 26408 25905 25378 25334 25780 26633 27701 28597 28689 27888 26814 22393 22198 22574 23420 24491 25393 25670 25148 24141 23107 10874 10605 9819 8759 7804 7385 7730 8648 9717 10545 23868 24302 23968 23052 21983 21151 20815 21072 21848 22905 
16792 15767 15119 15094 15700 16709 17744 18410 18437 17812 10404 9448 9004 9291 10165 11239 12110 12485 12244 11464 2044 1073 62831 1073 2044 2819 3318 3490 3318 2819 11064 11067 10492 9514 8459 7752 7748 8448 9501 10482 25928 25268 24219 23229 22611 22530 23006 23915 24989 25809 23863 23150 22943 23293 24114 25179 26109 26421 25905 24894 15352 14660 13622 12619 12043 12140 12867 13921 14899 15443 4368 3525 3470 4250 5322 6247 6781 6811 6331 5441 3929 3741 4416 5475 6448 7057 7164 6747 5896 4827 11278 10390 10066 10459 11385 12453 13271 13555 13209 12351 27586 26580 25883 25629 25860 26537 27533 28581 29119 28625 12736 12433 11609 10539 9619 9246 9602 10513 11584 12418 17368 17386 18008 19017 20052 20704 20684 20002 18959 17962 17567 17468 17991 18954 20015 20764 20875 20295 19286 18252 22999 22505 21523 20473 19729 19531 19941 20829 21903 22757 23271 24156 25229 26084 26252 25621 24577 23579 22940 22828 17862 17683 18131 19052 20123 20936 21140 20636 19658 18606 13957 13374 12382 11335 10642 10609 11252 12283 13296 13927 16168 15260 14188 13355 13091 13507 14429 15499 16316 16573 10403 9547 9288 9754 10719 11776 12543 12763 12364 11477 24334 23655 23480 23850 24679 25745 26668 26946 26379 25348 24832 24316 24315 24830 25746 26819 27619 27620 26821 25748 21403 21163 21512 22348 23418 24329 24648 24191 23215 22163 11226 10838 9967 8894 8019 7751 8234 9214 10264 11013 24675 25207 24955 24072 23000 22136 21741 21924 22633 23667 
16587 15602 15048 15138 15836 16878 17876 18446 18353 17637 10439 9428 8857 9004 9793 10862 11797 12282 12161 11471 2819 2044 1073 62831 1073 2044 2819 3318 3490 3318 11596 11486 10812 9787 8767 8178 8315 9106 10176 11109 27002 26329 25273 24294 23685 23593 24039 24919 25992 26853 23142 22525 22446 22925 23837 24910 25726 25842 25182 24132 16330 15599 14548 13567 13035 13172 13920 14978 15946 16462 4178 3183 2815 3409 4461 5450 6105 6292 5976 5217 3009 2693 3342 4404 5374 5999 6155 5812 5036 3991 11214 10260 9811 10080 10938 12012 12898 13289 13056 12275 27328 26446 25940 25899 26327 27154 28213 29146 29245 28400 13111 12700 11804 10730 9885 9640 10113 11080 12137 12900 16753 16679 17230 18210 19263 19984 20066 19470 18457 17426 16502 16395 16921 17889 18947 19691 19806 19242 18243 17202 23881 23460 22505 21445 20659 20393 20725 21558 22628 23542 22675 23481 24544 25486 25843 25390 24406 23358 22605 22356 16794 16634 17111 18052 19118 19905 20080 19564 18585 17533 14656 13998 12973 11953 11340 11400 12106 13155 14142 14710 16959 16093 15019 14140 13795 14123 14992 16066 16942 17285 10265 9334 8942 9285 10191 11262 12102 12432 12144 11332 23573 22993 22950 23453 24375 25447 26244 26311 25602 24541 23928 23506 23627 24261 25254 26302 26938 26746 25864 24792 20357 20154 20552 21428 22502 23369 23626 23132 22148 21099 12124 11667 10749 9678 8863 8680 9223 10224 11263 11973 24806 25493 25426 24647 23577 22642 22128 22175 22771 23751 
17021 16083 15618 15801 16563 17622 18585 19074 18880 18089 9899 8854 8183 8219 8941 9999 10971 11530 11502 10894 3318 2819 2044 1073 62831 1073 2044 2819 3318 3490 12584 12419 11694 10649 9658 9132 9329 10147 11219 12135 27814 27272 26240 25227 24538 24333 24654 25433 26483 27456 22926 22437 22506 23114 24100 25152 25823 25723 24917 23844 17383 16666 15617 14631 14081 14185 14901 15949 16937 17488 3596 2529 1895 2350 3392 4395 5099 5377 5187 4557 1935 1730 2569 3640 4523 5043 5120 4742 3966 2930 10580 9582 9041 9221 10030 11101 12024 12485 12334 11621 27466 26760 26460 26608 27184 28100 29174 29922 29511 28464 14013 13539 12602 11534 10743 10570 11097 12084 13132 13860 15738 15633 16166 17140 18196 18931 19043 18483 17488 16444 15556 15509 16095 17093 18135 18823 18872 18262 17246 16217 24153 23882 23001 21928 21063 20679 20888 21629 22677 23663 21654 22433 23490 24452 24874 24512 23577 22512 21700 21384 15992 15912 16467 17450 18501 19218 19303 18718 17711 16675 15700 15017 13981 12974 12388 12468 13180 14229 15215 15775 17169 16374 15308 14369 13917 14132 14928 15995 16933 17384 9581 8601 8115 8374 9239 10312 11191 11588 11380 10632 23298 22854 22963 23600 24597 25642 26276 26111 25258 24185 23448 23168 23441 24203 25251 26232 26658 26242 25264 24214 19627 19520 20014 20953 22021 22805 22936 22346 21327 20301 13196 12740 11816 10746 9936 9746 10269 11257 12304 13033 24182 24985 25101 24460 23418 22418 21786 21701 22188 23110 
17940 17030 16610 16831 17613 18676 19627 20083 19842 19012 8942 7884 7167 7161 7870 8926 9902 10477 10481 9914 3490 3318 2819 2044 1073 62831 1073 2044 2819 3318 13632 13486 12768 11723 10730 10193 10359 11148 12216 13154 27823 27566 26632 25570 24749 24371 24516 25154 26142 27194 23268 22909 23107 23814 24843 25857 26384 26085 25162 24096 18114 17460 16430 15416 14797 14810 15451 16474 17496 18128 2697 1631 824 1435 2509 3436 4061 4304 4136 3576 1220 1668 2728 3707 4392 4681 4536 3976 3080 2009 9573 8559 7987 8149 8958 10029 10950 11419 11290 10603 27985 27478 27352 27620 28251 29171 30244 30793 29852 28811 15085 14611 13670 12603 11816 11637 12146 13122 14176 14920 14708 14641 15217 16213 17256 17952 18021 17435 16431 15393 15082 15142 15816 16850 17859 18456 18394 17701 16658 15661 23664 23545 22760 21691 20755 20258 20351 21008 22024 23053 20631 21442 22508 23442 23820 23439 22504 21439 20629 20329 15749 15783 16432 17456 18477 19100 19064 18384 17344 16343 16695 16043 15016 13998 13378 13405 14069 15102 16113 16722 16716 15997 14948 13961 13415 13531 14261 15314 16293 16830 8555 7559 7048 7301 8174 9247 10119 10516 10324 9597 23575 23270 23517 24257 25297 26294 26759 26377 25413 24358 23506 23382 23802 24667 25739 26620 26817 26188 25142 24146 19448 19464 20066 21061 22106 22782 22762 22056 21003 20022 14043 13649 12758 11685 10832 10564 11003 11950 13014 13804 23145 23983 24179 23621 22609 21578 20882 20733 21172 22072 
19011 18095 17656 17845 18597 19652 20625 21118 20903 20082 7878 6824 6138 6202 6974 8043 8983 9502 9457 8860 3318 3490 3318 2819 2044 1073 62831 1073 2044 2819 14356 14293 13631 12605 11586 10978 11049 11766 12818 13799 27020 26983 26183 25111 24192 23684 23706 24255 25198 26267 24083 23816 24089 24840 25882 26874 27307 26865 25870 24830 18230 17672 16679 15634 14925 14823 15368 16350 17402 18125 1626 579 529 1581 2483 3144 3497 3505 3167 2519 1763 2588 3660 4549 5078 5163 4790 4018 2982 1986 8537 7537 7017 7261 8130 9203 10079 10483 10297 9576 28822 28484 28425 28653 29141 29832 30606 30856 30147 29402 15928 15514 14604 13532 12702 12450 12883 13818 14885 15687 14051 14079 14738 15768 16782 17396 17368 16709 15679 14665 15262 15433 16189 17247 18213 18711 18533 17754 16689 15741 22678 22631 21907 20850 19878 19321 19360 19982 20986 22025 19961 20838 21911 22779 23045 22572 21598 20544 19787 19570 16157 16295 17020 18069 19055 19589 19440 18676 17613 16657 17266 16692 15695 14652 13956 13881 14457 15456 16498 17191 15778 15104 14071 13061 12464 12530 13232 14278 15270 15841 7537 6564 6126 6481 7417 8482 9294 9614 9356 8590 24336 24138 24470 25261 26316 27278 27616 27068 26037 25023 24090 24098 24625 25551 26623 27405 27392 26594 25521 24603 19876 20004 20691 21721 22735 23307 23148 22342 21270 20347 14365 14074 13247 12177 11261 10876 11197 12079 13152 14016 22138 22946 23111 22548 21538 20505 19811 19677 20144 21066 
