NAME: sphere_rand_nol_10x10
COMMENT: type = sphere, neigh_ang = 0.174532925199, neigh_size = 10
COMMENT: sphere_limit = 1.0471975512, rect_limit = [-1.0471975512, 0.785398163397, -0.785398163397, 1.74532925199]
TYPE: GTSP
DIMENSION: 100
GTSP_SETS: 10
EDGE_WEIGHT_TYPE: EXPLICIT
EDGE_WEIGHT_FORMAT: FULL_MATRIX
EDGE_WEIGHT_SECTION:
62831 1073 2044 2819 3318 3490 3318 2819 2044 1073 8310 8145 7468 6454 5424 4850 5102 6006 7075 7921 21142 21454 21046 20113 19046 18238 17966 18323 19188 20261 13503 13762 14589 15660 16574 16983 16729 15910 14840 13919 6568 5508 4809 4902 5723 6796 7704 8187 8127 7538 15282 15529 16337 17406 18336 18762 18504 17673 16601 15691 25233 25401 26038 27015 28074 28702 28363 27374 26332 25564 21121 20198 19129 18308 18017 18354 19206 20278 21172 21507 17426 16990 16061 14992 14185 13952 14388 15318 16386 17193 28444 27580 27054 26934 27237 27923 28897 29961 30371 29507 
1073 62831 1073 2044 2819 3318 3490 3318 2819 2044 8462 8146 7350 6291 5338 4975 5444 6439 7480 8221 22216 22516 22082 21130 20068 19282 19031 19397 20260 21333 12592 12794 13590 14658 15594 16052 15859 15087 14026 13069 7640 6578 5853 5870 6619 7685 8637 9180 9167 8603 15039 15176 15910 16962 17942 18469 18326 17574 16515 15550 24810 24808 25309 26209 27283 28107 28111 27291 26218 25315 20314 19353 18294 17525 17317 17741 18650 19722 20552 20786 17173 16639 15660 14607 13876 13756 14294 15276 16328 17054 27380 26507 26013 25980 26413 27241 28301 29232 29312 28450 
2044 1073 62831 1073 2044 2819 3318 3490 3318 2819 9262 8844 7969 6896 6027 5812 6386 7411 8431 9111 23088 23464 23088 22158 21091 20276 19974 20276 21092 22158 11520 11736 12548 13618 14542 14984 14785 14017 12957 11997 8499 7427 6615 6480 7104 8141 9148 9794 9892 9416 14238 14303 14989 16029 17031 17616 17549 16859 15818 14819 23845 23779 24245 25136 26210 27054 27163 26455 25392 24429 20024 19015 17981 17296 17202 17731 18698 19757 20500 20605 17558 16930 15911 14885 14240 14227 14851 15869 16896 17545 26414 25619 25251 25382 25985 26944 28010 28696 28430 27467 
2819 2044 1073 62831 1073 2044 2819 3318 3490 3318 10332 9896 9001 7927 7084 6886 7448 8464 9492 10183 23358 23873 23636 22777 21703 20819 20409 20594 21321 22363 10693 10993 11863 12937 13812 14179 13910 13098 12030 11101 8898 7828 6918 6605 7071 8051 9101 9854 10088 9736 13171 13230 13919 14961 15960 16542 16485 15811 14776 13768 22789 22763 23286 24222 25292 26066 26105 25382 24318 23357 20338 19294 18297 17702 17713 18327 19333 20370 21031 21018 18444 17760 16719 15719 15129 15176 15840 16871 17884 18492 25789 25128 24938 25258 26024 27068 28055 28416 27831 26784 
3318 2819 2044 1073 62831 1073 2044 2819 3318 3490 11260 10879 10013 8940 8061 7783 8256 9232 10285 11040 22882 23522 23441 22684 21619 20666 20141 20205 20838 21845 10466 10888 11826 12892 13693 13950 13573 12693 11619 10755 8733 7687 6699 6218 6526 7438 8508 9344 9699 9475 12234 12357 13101 14159 15128 15652 15536 14823 13778 12786 22013 22096 22723 23719 24764 25412 25295 24486 23414 22496 21160 20100 19135 18600 18670 19325 20344 21370 21985 21902 19517 18831 17788 16790 16203 16240 16888 17910 18933 19557 25620 25130 25134 25631 26524 27597 28432 28424 27581 26508 
3490 3318 2819 2044 1073 62831 1073 2044 2819 3318 11737 11462 10663 9600 8656 8248 8587 9495 10566 11404 21906 22601 22610 21927 20881 19888 19293 19285 19869 20856 10946 11469 12453 13503 14234 14389 13912 12972 11905 11117 8047 7038 6002 5399 5592 6456 7529 8408 8837 8705 11803 12040 12863 13935 14850 15275 15055 14270 13206 12258 21743 21964 22703 23748 24739 25223 24919 24008 22939 22101 22229 21166 20207 19673 19733 20368 21377 22412 23050 22976 20375 19744 18718 17699 17058 17020 17600 18591 19638 20333 25937 25627 25801 26432 27400 28463 29101 28720 27707 26679 
3318 3490 3318 2819 2044 1073 62831 1073 2044 2819 11614 11461 10755 9718 8714 8168 8357 9181 10253 11164 20854 21533 21537 20864 19821 18822 18219 18216 18813 19809 11912 12478 13477 14518 15218 15321 14789 13817 12760 12023 7025 6039 4987 4337 4521 5402 6473 7338 7764 7651 12065 12415 13306 14379 15233 15555 15226 14367 13294 12407 22053 22403 23233 24301 25220 25534 25050 24057 23014 22276 23152 22102 21114 20517 20492 21048 22015 23075 23803 23834 20656 20128 19140 18093 17366 17215 17694 18634 19701 20488 26685 26519 26799 27486 28471 29527 29993 29270 28196 27273 
2819 3318 3490 3318 2819 2044 1073 62831 1073 2044 10928 10878 10260 9262 8219 7560 7624 8375 9439 10394 20099 20707 20632 19909 18854 17877 17325 17392 18054 19080 12969 13512 14498 15547 16268 16389 15862 14890 13834 13094 6002 4995 3957 3401 3757 4734 5783 6559 6880 6681 12904 13320 14243 15313 16129 16386 15984 15077 14005 13170 22857 23293 24173 25246 26107 26287 25664 24621 23621 22976 23514 22504 21472 20773 20620 21059 21959 23032 23870 24068 20230 19809 18875 17808 17003 16747 17133 18021 19095 19950 27715 27592 27845 28445 29327 30385 31018 30006 28993 28200 
2044 2819 3318 3490 3318 2819 2044 1073 62831 1073 9898 9895 9327 8359 7299 6580 6585 7312 8373 9338 19882 20384 20188 19386 18317 17387 16929 17106 17854 18908 13731 14197 15144 16209 16993 17193 16731 15788 14722 13934 5439 4381 3432 3167 3816 4874 5851 6476 6617 6247 13977 14392 15310 16381 17202 17457 17042 16124 15053 14232 23920 24366 25242 26315 27181 27323 26632 25571 24602 24005 23123 22171 21110 20322 20058 20397 21236 22307 23214 23545 19292 18932 18036 16964 16115 15801 16140 17005 18078 18959 28724 28427 28418 28697 29232 29959 30738 30780 30009 29273 
1073 2044 2819 3318 3490 3318 2819 2044 1073 62831 8884 8843 8258 7285 6227 5525 5586 6370 7441 8372 20270 20660 20342 19462 18388 17523 17171 17457 18280 19350 13932 14292 15178 16252 17110 17422 17064 16177 15104 14245 5680 4608 3821 3840 4649 5723 6633 7140 7129 6603 14879 15231 16108 17182 18049 18369 18007 17115 16042 15190 24862 25216 26009 27062 28026 28323 27694 26639 25657 25020 22186 21270 20200 19370 19056 19359 20180 21249 22172 22547 18226 17859 16964 15891 15041 14736 15094 15977 17050 17913 29091 28422 28045 28002 28295 28894 29738 30742 31014 29985 
8310 8462 9262 10332 11260 11737 11614 10928 9898 8884 62831 1073 2044 2819 3318 3490 3318 2819 2044 1073 18502 17937 16940 15897 15195 15100 15648 16631 17682 18403 18605 18143 18301 19026 20073 21062 21590 21407 20602 19532 9911 9586 9985 10916 11984 12795 13075 12730 11876 10803 23495 23532 24097 25051 26117 26848 26788 25981 24908 23994 28761 27823 26764 25943 25533 25609 26157 27076 28150 28926 15365 14962 14060 12987 12148 11886 12316 13252 14319 15121 9584 9497 8864 7864 6821 6181 6303 7111 8184 9102 23433 22663 21596 20651 20139 20218 20863 21876 22908 23533 
8145 8146 8844 9896 10879 11462 11461 10878 9895 8843 1073 62831 1073 2044 2819 3318 3490 3318 2819 2044 19532 18933 17920 16889 16218 16152 16715 17702 18752 19461 17621 17121 17250 17961 19004 19999 20549 20406 19637 18573 10554 10122 10406 11270 12343 13224 13605 13356 12563 11499 23035 22935 23387 24277 25350 26198 26350 25703 24655 23663 28228 27184 26184 25506 25285 25563 26288 27311 28331 28773 14805 14315 13366 12302 11526 11368 11899 12885 13933 14661 9421 9196 8457 7413 6421 5939 6254 7172 8240 9071 23162 22298 21224 20345 19946 20150 20895 21944 22927 23418 
7468 7350 7969 9001 10013 10663 10755 10260 9327 8258 2044 1073 62831 1073 2044 2819 3318 3490 3318 2819 20546 19977 18973 17935 17240 17133 17652 18614 19674 20427 16571 16098 16267 17015 18070 19043 19547 19366 18579 17513 10639 10088 10239 11021 12087 13030 13519 13386 12678 11637 22066 21912 22330 23208 24281 25147 25363 24796 23775 22752 28008 26936 26051 25554 25536 26000 26861 27930 28814 28853 14890 14299 13301 12259 11574 11541 12174 13201 14219 14859 9971 9625 8793 7724 6808 6487 6948 7927 8977 9733 23446 22501 21438 20639 20356 20672 21494 22561 23486 23846 
6454 6291 6896 7927 8940 9600 9718 9262 8359 7285 2819 2044 1073 62831 1073 2044 2819 3318 3490 3318 21139 20661 19695 18637 17875 17671 18095 19003 20076 20907 15844 15451 15713 16531 17600 18523 18934 18659 17815 16742 10139 9491 9534 10245 11298 12279 12845 12809 12183 11175 21011 20890 21355 22269 23341 24159 24318 23727 22703 21682 28125 27110 26385 26079 26239 26841 27784 28855 29547 29155 15585 14921 13892 12877 12270 12326 13022 14067 15061 15639 10972 10573 9698 8624 7756 7502 8003 8992 10038 10774 24215 23221 22178 21446 21242 21623 22482 23554 24442 24715 
5424 5338 6027 7084 8061 8656 8714 8219 7299 6227 3318 2819 2044 1073 62831 1073 2044 2819 3318 3490 21039 20683 19780 18708 17866 17548 17864 18705 19776 20681 15707 15424 15796 16683 17757 18614 18911 18521 17610 16539 9204 8507 8499 9187 10236 11225 11816 11822 11240 10256 20246 20222 20782 21752 22811 23534 23564 22885 21837 20846 28565 27685 27134 26983 27251 27905 28857 29928 30450 29633 16627 15937 14897 13896 13316 13393 14095 15141 16134 16702 12011 11636 10769 9696 8817 8530 8982 9945 11003 11775 25265 24257 23224 22511 22315 22688 23532 24601 25507 25788 
4850 4975 5812 6886 7783 8248 8168 7560 6580 5525 3490 3318 2819 2044 1073 62831 1073 2044 2819 3318 20295 20034 19190 18117 17218 16816 17054 17846 18911 19855 16213 16026 16483 17417 18485 19284 19485 18998 18034 16976 8135 7455 7492 8225 9286 10250 10801 10773 10173 9184 20014 20116 20781 21802 22826 23426 23298 22511 21442 20506 29284 28584 28160 28056 28284 28818 29605 30561 31181 30188 17626 16966 15934 14921 14309 14335 14991 16019 17035 17652 12718 12427 11610 10542 9615 9228 9572 10476 11547 12389 26241 25261 24212 23449 23172 23449 24213 25262 26241 26662 
5102 5444 6386 7448 8256 8587 8357 7624 6585 5586 3318 3490 3318 2819 2044 1073 62831 1073 2044 2819 19235 19000 18180 17109 16191 15763 15985 16773 17837 18783 17174 17032 17521 18467 19533 20311 20468 19932 18942 17895 7350 6770 6950 7785 8858 9759 10207 10073 9394 8372 20385 20603 21355 22405 23385 23862 23583 22701 21628 20764 30208 29655 29174 28865 28776 28919 29274 29785 30326 30561 18199 17617 16615 15575 14887 14813 15382 16374 17420 18122 12857 12681 11946 10897 9912 9400 9607 10430 11502 12415 26653 25773 24701 23836 23413 23534 24171 25166 26213 26846 
6006 6439 7411 8464 9232 9495 9181 8375 7312 6370 2819 3318 3490 3318 2819 2044 1073 62831 1073 2044 18270 17990 17147 16074 15174 14785 15058 15887 16958 17871 18235 18069 18525 19449 20520 21329 21520 21001 20014 18966 7240 6817 7170 8098 9165 9984 10306 10038 9258 8200 21246 21535 22330 23392 24341 24736 24352 23408 22345 21544 31232 30418 29500 28761 28279 28104 28255 28716 29439 30347 18112 17633 16678 15616 14843 14655 15124 16069 17134 17919 12380 12316 11670 10655 9625 8999 9077 9820 10880 11844 26223 25481 24415 23463 22910 22898 23431 24372 25441 26205 
7075 7480 8431 9492 10285 10566 10253 9439 8373 7441 2044 2819 3318 3490 3318 2819 2044 1073 62831 1073 17740 17365 16468 15395 14548 14252 14623 15516 16589 17441 18993 18740 19106 19972 21045 21925 22225 21795 20846 19783 7867 7568 8026 8997 10051 10815 11050 10686 9832 8760 22319 22605 23387 24443 25406 25809 25402 24438 23382 22602 30521 29840 28766 27850 27245 27031 27233 27827 28735 29807 17402 17007 16100 15028 14193 13917 14313 15221 16293 17127 11448 11450 10870 9887 8835 8135 8131 8827 9878 10863 25240 24570 23521 22532 21922 21862 22368 23301 24371 25156 
7921 8221 9111 10183 11040 11404 11164 10394 9338 8372 1073 2044 2819 3318 3490 3318 2819 2044 1073 62831 17827 17345 16389 15327 14556 14373 14850 15799 16863 17641 19138 18769 19019 19806 20868 21819 22253 21957 21078 20005 8902 8633 9100 10068 11124 11887 12110 11720 10843 9770 23204 23397 24096 25121 26141 26678 26379 25451 24385 23562 29552 28767 27693 26785 26234 26130 26490 27256 28289 29290 16354 15988 15102 14029 13170 12866 13245 14149 15221 16061 10378 10377 9806 8832 7775 7062 7064 7780 8838 9810 24192 23501 22449 21465 20875 20854 21408 22373 23434 24165 
21142 22216 23088 23358 22882 21906 20854 20099 19882 20270 18502 19532 20546 21139 21039 20295 19235 18270 17740 17827 62831 1073 2044 2819 3318 3490 3318 2819 2044 1073 25570 26175 25976 25107 24034 23160 22735 22868 23526 24533 14592 15663 16488 16754 16357 15452 14380 13543 13270 13676 18085 18841 18983 18450 17467 16417 15689 15554 16063 17025 13203 13935 14095 13625 12690 11622 10827 10649 11169 12153 18380 19447 20236 20410 19890 18908 17857 17123 16966 17441 16564 17623 18585 19072 18877 18084 17016 16078 15615 15800 13221 14102 14478 14214 13404 12337 11406 10993 11284 12147 
21454 22516 23464 23873 23522 22601 21533 20707 20384 20660 17937 18933 19977 20661 20683 20034 19000 17990 17365 17345 1073 62831 1073 2044 2819 3318 3490 3318 2819 2044 26273 26713 26309 25336 24284 23512 23223 23487 24241 25286 14993 16067 16955 17318 17012 16158 15084 14194 13829 14137 19063 19778 19854 19257 18243 17213 16541 16471 17028 18011 13501 14146 14191 13619 12631 11582 10879 10829 11456 12482 17480 18539 19284 19407 18854 17860 16815 16106 15990 16513 15493 16551 17517 18019 17854 17089 16027 15069 14575 14738 12932 13745 14017 13655 12784 11711 10836 10530 10935 11864 
21046 22082 23088 23636 23441 22610 21537 20632 20188 20342 16940 17920 18973 19695 19780 19190 18180 17147 16468 16389 2044 1073 62831 1073 2044 2819 3318 3490 3318 2819 27285 27614 27059 26025 25014 24331 24138 24476 25271 26327 14750 15815 16762 17231 17038 16259 15195 14245 13773 13968 20117 20847 20928 20323 19304 18278 17614 17542 18087 19061 14355 14939 14901 14254 13233 12209 11584 11625 12316 13360 17073 18108 18772 18792 18158 17134 16113 15474 15455 16065 14577 15644 16583 17038 16832 16045 14980 14035 13574 13783 13326 14061 14223 13754 12819 11751 10956 10776 11293 12275 
20113 21130 22158 22777 22684 21927 20864 19909 19386 19462 15897 16889 17935 18637 18708 18117 17109 16074 15395 15327 2819 2044 1073 62831 1073 2044 2819 3318 3490 3318 28318 28687 28086 27033 26047 25396 25211 25526 26283 27320 13952 15004 15985 16528 16425 15716 14671 13679 13121 13227 20840 21636 21802 21258 20260 19219 18507 18364 18838 19771 15429 16006 15948 15277 14245 13233 12633 12694 13389 14434 17303 18301 18868 18767 18041 16988 16008 15465 15561 16261 14167 15240 16123 16485 16185 15340 14267 13368 12996 13305 14237 14923 15011 14469 13493 12438 11709 11613 12195 13201 
19046 20068 21091 21703 21619 20881 19821 18854 18317 18388 15195 16218 17240 17875 17866 17218 16191 15174 14548 14556 3318 2819 2044 1073 62831 1073 2044 2819 3318 3490 28809 29491 29098 28070 27054 26327 26021 26185 26792 27739 12886 13935 14922 15484 15413 14737 13703 12693 12100 12175 20912 21792 22093 21667 20721 19657 18864 18608 18973 19839 16319 16946 16938 16299 15276 14254 13620 13628 14274 15301 18088 19052 19540 19340 18541 17473 16540 16082 16268 17029 14423 15493 16307 16558 16149 15238 14167 13337 13078 13498 15308 15997 16077 15518 14531 13482 12770 12686 13267 14270 
18238 19282 20276 20819 20666 19888 18822 17877 17387 17523 15100 16152 17133 17671 17548 16816 15763 14785 14252 14373 3490 3318 2819 2044 1073 62831 1073 2044 2819 3318 28307 29272 29429 28596 27524 26636 26118 26054 26456 27258 11947 13007 13970 14490 14381 13684 12645 11643 11076 11196 20300 21240 21657 21354 20475 19402 18535 18171 18434 19235 16691 17401 17496 16937 15946 14899 14190 14096 14654 15643 19151 20106 20567 20324 19490 18417 17511 17094 17313 18090 15245 16305 17066 17233 16739 15780 14719 13955 13787 14283 16140 16880 17020 16505 15536 14479 13731 13589 14110 15085 
17966 19031 19974 20409 20141 19293 18219 17325 16929 17171 15648 16715 17652 18095 17864 17054 15985 15058 14623 14850 3318 3490 3318 2819 2044 1073 62831 1073 2044 2819 27272 28286 28709 28153 27108 26110 25436 25223 25510 26244 11514 12586 13496 13924 13721 12958 11900 10935 10457 10685 19279 20239 20707 20470 19639 18566 17658 17236 17448 18219 16399 17190 17400 16943 16002 14936 14144 13935 14392 15333 20101 21080 21585 21376 20555 19483 18568 18126 18307 19049 16316 17374 18124 18264 17737 16759 15706 14972 14835 15349 16419 17235 17481 17058 16135 15065 14249 14003 14426 15349 
18323 19397 20276 20594 20205 19285 18216 17392 17106 17457 16631 17702 18614 19003 18705 17846 16773 15887 15516 15799 2819 3318 3490 3318 2819 2044 1073 62831 1073 2044 26262 27245 27636 27136 26118 25093 24380 24149 24449 25216 11777 12849 13692 14011 13694 12853 11781 10877 10520 10875 18255 19199 19644 19397 18566 17494 16585 16169 16399 17191 15559 16398 16688 16315 15424 14351 13498 13201 13583 14486 20550 21572 22178 22080 21327 20264 19306 18783 18865 19527 17234 18301 19090 19276 18780 17812 16755 15999 15824 16293 16037 16921 17275 16960 16101 15028 14142 13785 14102 14964 
19188 20260 21092 21321 20838 19869 18813 18054 17854 18280 17682 18752 19674 20076 19776 18911 17837 16958 16589 16863 2044 2819 3318 3490 3318 2819 2044 1073 62831 1073 25564 26463 26701 26111 25075 24066 23401 23248 23644 24494 12620 13685 14478 14716 14313 13413 12340 11498 11237 11677 17597 18494 18858 18535 17662 16589 15716 15368 15676 16524 14486 15332 15641 15297 14429 13355 12478 12151 12515 13414 20295 21349 22065 22110 21462 20426 19418 18792 18754 19317 17647 18721 19580 19871 19464 18539 17470 16654 16386 16762 15143 16062 16486 16251 15449 14381 13447 13011 13253 14072 
20261 21333 22158 22363 21845 20856 19809 19080 18908 19350 18403 19461 20427 20907 20681 19855 18783 17871 17441 17641 1073 2044 2819 3318 3490 3318 2819 2044 1073 62831 25318 26087 26114 25383 24319 23361 22800 22781 23310 24249 13693 14757 15543 15761 15329 14408 13337 12521 12291 12746 17533 18359 18610 18179 17247 16180 15374 15133 15548 16462 13583 14391 14651 14270 13384 12311 11453 11167 11584 12516 19453 20520 21301 21450 20896 19895 18855 18150 18021 18510 17389 18458 19383 19791 19502 18645 17571 16684 16306 16573 14070 14989 15420 15205 14423 13360 12410 11950 12180 12999 
13503 12592 11520 10693 10466 10946 11912 12969 13731 13932 18605 17621 16571 15844 15707 16213 17174 18235 18993 19138 25570 26273 27285 28318 28809 28307 27272 26262 25564 25318 62831 1073 2044 2819 3318 3490 3318 2819 2044 1073 18900 17947 16885 16107 15899 16338 17262 18332 19144 19366 8007 7077 6723 7147 8108 9166 9945 10212 9891 9073 13076 12613 12831 13637 14706 15635 16079 15871 15089 14025 14527 13698 13437 13851 14772 15842 16662 16918 16511 15599 19191 18146 17428 17289 17778 18723 19789 20568 20723 20183 15162 14696 14888 15662 16725 17678 18154 17958 17170 16105 
13762 12794 11736 10993 10888 11469 12478 13512 14197 14292 18143 17121 16098 15451 15424 16026 17032 18069 18740 18769 26175 26713 27614 28687 29491 29272 28286 27245 26463 26087 1073 62831 1073 2044 2819 3318 3490 3318 2819 2044 19503 18507 17464 16755 16634 17145 18105 19166 19924 20056 9007 8048 7614 7938 8844 9915 10756 11101 10845 10066 13258 12691 12790 13513 14565 15546 16093 15998 15298 14256 13524 12671 12382 12782 13699 14769 15594 15868 15488 14597 18125 17084 16383 16277 16804 17773 18831 19573 19688 19124 14802 14242 14332 15037 16082 17075 17639 17548 16839 15792 
14589 13590 12548 11863 11826 12453 13477 14498 15144 15178 18301 17250 16267 15713 15796 16483 17521 18525 19106 19019 25976 26309 27059 28086 29098 29429 28709 27636 26701 26114 2044 1073 62831 1073 2044 2819 3318 3490 3318 2819 20500 19487 18456 17778 17686 18213 19177 20237 20984 21088 9639 8631 8074 8252 9070 10142 11057 11514 11372 10673 12819 12163 12160 12810 13841 14855 15478 15481 14863 13852 12485 11654 11410 11862 12811 13875 14660 14884 14466 13557 17328 16309 15674 15658 16267 17276 18311 18975 18992 18354 13926 13313 13350 14022 15058 16065 16666 16630 15970 14941 
15660 14658 13618 12937 12892 13503 14518 15547 16209 16252 19026 17961 17015 16531 16683 17417 18467 19449 19972 19806 25107 25336 26025 27033 28070 28596 28153 27136 26111 25383 2819 2044 1073 62831 1073 2044 2819 3318 3490 3318 21544 20541 19503 18800 18666 19145 20079 21148 21941 22099 9723 8674 7991 8012 8727 9783 10758 11325 11308 10713 11905 11202 11150 11771 12794 13816 14466 14514 13942 12953 11813 11049 10913 11467 12465 13507 14214 14336 13831 12876 17081 16104 15563 15662 16363 17405 18403 18968 18864 18135 12852 12244 12298 12992 14037 15032 15611 15559 14897 13868 
16574 15594 14542 13812 13693 14234 15218 16268 16993 17110 20073 19004 18070 17600 17757 18485 19533 20520 21045 20868 24034 24284 25014 26047 27054 27524 27108 26118 25075 24319 3318 2819 2044 1073 62831 1073 2044 2819 3318 3490 22218 21257 20198 19424 19189 19567 20438 21511 22386 22670 9237 8168 7384 7276 7905 8940 9949 10591 10674 10173 10833 10141 10116 10770 11806 12813 13434 13456 12871 11880 11793 11123 11115 11771 12806 13815 14433 14441 13835 12832 17472 16543 16094 16289 17056 18116 19077 19556 19347 18541 11983 11439 11581 12344 13407 14363 14867 14737 14020 12974 
16983 16052 14984 14179 13950 14389 15321 16389 17193 17422 21062 19999 19043 18523 18614 19284 20311 21329 21925 21819 23160 23512 24331 25396 26327 26636 26110 25093 24066 23361 3490 3318 2819 2044 1073 62831 1073 2044 2819 3318 22205 21314 20241 19386 19033 19296 20091 21155 22100 22520 8315 7241 6405 6237 6839 7870 8883 9545 9666 9215 10010 9392 9472 10212 11271 12237 12775 12707 12055 11037 12434 11842 11922 12638 13690 14673 15229 15155 14478 13444 18361 17466 17067 17304 18095 19159 20105 20545 20282 19435 11673 11238 11503 12348 13421 14319 14718 14476 13680 12614 
16729 15859 14785 13910 13573 13912 14789 15862 16731 17064 21590 20549 19547 18934 18911 19485 20468 21520 22225 22253 22735 23223 24138 25211 26021 26118 25436 24380 23401 22800 3318 3490 3318 2819 2044 1073 62831 1073 2044 2819 21511 20685 19613 18702 18266 18452 19196 20248 21227 21727 7243 6170 5349 5238 5911 6965 7948 8556 8630 8152 9799 9299 9520 10353 11426 12331 12761 12574 11830 10780 13463 12895 12992 13712 14763 15746 16296 16202 15502 14460 19435 18536 18123 18333 19098 20155 21121 21594 21350 20508 12061 11732 12100 13003 14075 14917 15222 14880 14014 12941 
15910 15087 14017 13098 12693 12972 13817 14890 15788 16177 21407 20406 19366 18659 18521 18998 19932 21001 21795 21957 22868 23487 24476 25526 26185 26054 25223 24149 23248 22781 2819 3318 3490 3318 2819 2044 1073 62831 1073 2044 20462 19658 18588 17660 17203 17378 18124 19177 20153 20658 6440 5378 4673 4765 5587 6661 7566 8049 7991 7407 10302 9909 10236 11127 12199 13055 13398 13113 12296 11227 14479 13875 13918 14590 15625 16633 17234 17191 16522 15489 20288 19349 18860 18980 19671 20704 21714 22284 22141 21356 12974 12702 13113 14035 15105 15923 16185 15789 14888 13815 
14840 14026 12957 12030 11619 11905 12760 13834 14722 15104 20602 19637 18579 17815 17610 18034 18942 20014 20846 21078 23526 24241 25271 26283 26792 26456 25510 24449 23644 23310 2044 2819 3318 3490 3318 2819 2044 1073 62831 1073 19474 18641 17568 16661 16248 16481 17273 18338 19281 19725 6324 5313 4804 5132 6071 7134 7945 8285 8071 7355 11281 10932 11290 12192 13264 14107 14423 14099 13250 12177 15111 14430 14370 14955 15955 16996 17683 17744 17154 16149 20562 19570 18976 18975 19568 20559 21606 22292 22293 21609 14045 13758 14144 15047 16120 16960 17245 16861 15961 14889 
13919 13069 11997 11101 10755 11117 12023 13094 13934 14245 19532 18573 17513 16742 16539 16976 17895 18966 19783 20005 24533 25286 26327 27320 27739 27258 26244 25216 24494 24249 1073 2044 2819 3318 3490 3318 2819 2044 1073 62831 18889 17997 16924 16071 15752 16086 16947 18021 18904 19243 6965 6018 5649 6089 7066 8117 8879 9138 8827 8026 12332 11954 12269 13140 14214 15088 15443 15148 14312 13240 15130 14363 14188 14675 15630 16692 17462 17638 17149 16191 20131 19101 18421 18321 18834 19788 20851 21613 21730 21145 14874 14513 14816 15666 16739 17634 18002 17693 16833 15760 
6568 7640 8499 8898 8733 8047 7025 6002 5439 5680 9911 10554 10639 10139 9204 8135 7350 7240 7867 8902 14592 14993 14750 13952 12886 11947 11514 11777 12620 13693 18900 19503 20500 21544 22218 22205 21511 20462 19474 18889 62831 1073 2044 2819 3318 3490 3318 2819 2044 1073 16390 17214 18284 19203 19600 19302 18440 17366 16483 16113 24048 25077 26091 26610 26295 25361 24297 23480 23132 23338 25247 24865 23917 22856 22058 21757 22036 22818 23876 24836 18847 19097 18660 17723 16656 15857 15620 16035 16946 18018 27699 28679 28963 28266 27197 26247 25649 25517 25873 26653 
5508 6578 7427 7828 7687 7038 6039 4995 4381 4608 9586 10122 10088 9491 8507 7455 6770 6817 7568 8633 15663 16067 15815 15004 13935 13007 12586 12849 13685 14757 17947 18507 19487 20541 21257 21314 20685 19658 18641 17997 1073 62831 1073 2044 2819 3318 3490 3318 2819 2044 16063 16813 17869 18840 19343 19164 18379 17313 16370 15894 24452 25417 26480 27182 27064 26214 25141 24253 23792 23864 24928 24387 23377 22345 21640 21468 21877 22751 23825 24694 18851 18981 18438 17450 16402 15683 15559 16077 17044 18103 28696 29723 29991 29135 28068 27196 26677 26587 26938 27680 
4809 5853 6615 6918 6699 6002 4987 3957 3432 3821 9985 10406 10239 9534 8499 7492 6950 7170 8026 9100 16488 16955 16762 15985 14922 13970 13496 13692 14478 15543 16885 17464 18456 19503 20198 20241 19613 18588 17568 16924 2044 1073 62831 1073 2044 2819 3318 3490 3318 2819 15201 15903 16946 17942 18507 18408 17687 16635 15653 15105 24083 24961 26034 26898 27049 26376 25319 24341 23732 23639 25117 24426 23371 22391 21800 21763 22291 23237 24305 25067 19448 19473 18838 17812 16793 16155 16132 16731 17734 18773 29030 30074 30963 30192 29135 28265 27691 27478 27650 28187 
4902 5870 6480 6605 6218 5399 4337 3401 3167 3840 10916 11270 11021 10245 9187 8225 7785 8098 8997 10068 16754 17318 17231 16528 15484 14490 13924 14011 14716 15761 16107 16755 17778 18800 19424 19386 18702 17660 16661 16071 2819 2044 1073 62831 1073 2044 2819 3318 3490 3318 14127 14831 15876 16870 17435 17348 16643 15598 14605 14040 23149 23980 25048 25967 26261 25736 24723 23693 22985 22787 25780 24973 23901 22983 22493 22560 23167 24151 25204 25878 20442 20413 19726 18682 17686 17098 17124 17756 18770 19801 28363 29251 30313 30966 29993 28966 28153 27652 27516 27763 
5723 6619 7104 7071 6526 5592 4521 3757 3816 4649 11984 12343 12087 11298 10236 9286 8858 9165 10051 11124 16357 17012 17038 16425 15413 14381 13721 13694 14313 15329 15899 16634 17686 18666 19189 19033 18266 17203 16248 15752 3318 2819 2044 1073 62831 1073 2044 2819 3318 3490 13244 13999 15059 16023 16530 16386 15647 14592 13617 13096 22084 22931 24002 24903 25189 24689 23693 22652 21922 21713 26775 25908 24835 23960 23520 23622 24240 25224 26277 26937 21488 21481 20800 19755 18760 18164 18170 18776 19776 20818 27297 28181 29250 30077 29731 28687 27686 26968 26644 26759 
6796 7685 8141 8051 7438 6456 5402 4734 4874 5723 12795 13224 13030 12279 11225 10250 9759 9984 10815 11887 15452 16158 16259 15716 14737 13684 12958 12853 13413 14408 16338 17145 18213 19145 19567 19296 18452 17378 16481 16086 3490 3318 2819 2044 1073 62831 1073 2044 2819 3318 12900 13731 14803 15713 16122 15875 15067 13999 13069 12642 21272 22176 23249 24081 24264 23695 22678 21651 20964 20824 27822 26979 25906 25016 24537 24570 25108 26036 27109 27882 22168 22264 21654 20630 19609 18950 18870 19394 20352 21415 26337 27296 28362 29033 28704 27708 26670 25907 25572 25724 
7704 8637 9148 9101 8508 7529 6473 5783 5851 6633 13075 13605 13519 12845 11816 10801 10207 10306 11050 12110 14380 15084 15195 14671 13703 12645 11900 11781 12340 13337 17262 18105 19177 20079 20438 20091 19196 18124 17273 16947 3318 3490 3318 2819 2044 1073 62831 1073 2044 2819 13239 14136 15208 16056 16360 16005 15126 14052 13186 12871 20962 21931 22990 23715 23745 23062 22013 21024 20427 20404 28405 27740 26678 25709 25093 24959 25330 26136 27193 28145 22163 22402 21914 20937 19884 19134 18934 19349 20244 21317 25722 26756 27761 28190 27688 26662 25643 24938 24701 24982 
8187 9180 9794 9854 9344 8408 7338 6559 6476 7140 12730 13356 13386 12809 11822 10773 10073 10038 10686 11720 13543 14194 14245 13679 12693 11643 10935 10877 11498 12521 18332 19166 20237 21148 21511 21155 20248 19177 18338 18021 2819 3318 3490 3318 2819 2044 1073 62831 1073 2044 14119 15049 16118 16924 17158 16726 15800 14731 13919 13683 21244 22262 23289 23890 23754 22956 21885 20958 20474 20580 28045 27671 26688 25642 24874 24562 24770 25456 26466 27501 21477 21826 21451 20532 19463 18637 18336 18660 19500 20572 25568 26639 27514 27653 26944 25879 24920 24335 24255 24699 
8127 9167 9892 10088 9699 8837 7764 6880 6617 7129 11876 12563 12678 12183 11240 10173 9394 9258 9832 10843 13270 13829 13773 13121 12100 11076 10457 10520 11237 12291 19144 19924 20984 21941 22386 22100 21227 20153 19281 18904 2044 2819 3318 3490 3318 2819 2044 1073 62831 1073 15192 16121 17190 17997 18224 17774 16834 15768 14974 14753 22036 23081 24071 24565 24289 23401 22329 21470 21091 21299 27057 26829 25928 24858 24010 23610 23751 24401 25400 26444 20429 20814 20488 19603 18530 17669 17325 17616 18442 19511 25900 26962 27649 27481 26592 25521 24663 24235 24332 24932 
7538 8603 9416 9736 9475 8705 7651 6681 6247 6603 10803 11499 11637 11175 10256 9184 8372 8200 8760 9770 13676 14137 13968 13227 12175 11196 10685 10875 11677 12746 19366 20056 21088 22099 22670 22520 21727 20658 19725 19243 1073 2044 2819 3318 3490 3318 2819 2044 1073 62831 16058 16948 18022 18875 19163 18762 17843 16773 15950 15677 23097 24146 25126 25576 25224 24287 23223 22412 22089 22339 26014 25756 24859 23788 22937 22550 22726 23420 24445 25465 19438 19783 19430 18535 17462 16612 16292 16620 17475 18548 26662 27679 28151 27693 26680 25651 24923 24660 24915 25636 
15282 15039 14238 13171 12234 11803 12065 12904 13977 14879 23495 23035 22066 21011 20246 20014 20385 21246 22319 23204 18085 19063 20117 20840 20912 20300 19279 18255 17597 17533 8007 9007 9639 9723 9237 8315 7243 6440 6324 6965 16390 16063 15201 14127 13244 12900 13239 14119 15192 16058 62831 1073 2044 2819 3318 3490 3318 2819 2044 1073 9988 10395 11328 12395 13203 13475 13118 12254 11180 10299 20261 19908 20160 20940 21999 22957 23394 23080 22183 21111 26665 25778 25286 25283 25768 26651 27723 28574 28581 27737 15011 15382 16270 17344 18200 18498 18115 17209 16137 15300 
15529 15176 14303 13230 12357 12040 12415 13320 14392 15231 23532 22935 21912 20890 20222 20116 20603 21535 22605 23397 18841 19778 20847 21636 21792 21240 20239 19199 18494 18359 7077 8048 8631 8674 8168 7241 6170 5378 5313 6018 17214 16813 15903 14831 13999 13731 14136 15049 16121 16948 1073 62831 1073 2044 2819 3318 3490 3318 2819 2044 9703 9988 10855 11929 12806 13185 12940 12152 11089 10140 19252 18865 19095 19867 20926 21887 22344 22070 21204 20130 25593 24706 24237 24289 24851 25797 26866 27606 27515 26666 14495 14772 15605 16677 17586 17980 17698 16856 15783 14882 
16337 15910 14989 13919 13101 12863 13306 14243 15310 16108 24097 23387 22330 21355 20782 20781 21355 22330 23387 24096 18983 19854 20928 21802 22093 21657 20707 19644 18858 18610 6723 7614 8074 7991 7384 6405 5349 4673 4804 5649 18284 17869 16946 15876 15059 14803 15208 16118 17190 18022 2044 1073 62831 1073 2044 2819 3318 3490 3318 2819 8913 9111 9932 11004 11918 12365 12201 11478 10434 9441 18218 17867 18146 18960 20028 20956 21356 21037 20153 19080 24664 23838 23472 23651 24334 25350 26379 26940 26656 25730 13532 13765 14574 15644 16571 17005 16776 15974 14906 13972 
17406 16962 16029 14961 14159 13935 14379 15313 16381 17182 25051 24277 23208 22269 21752 21802 22405 23392 24443 25121 18450 19257 20323 21258 21667 21354 20470 19397 18535 18179 7147 7938 8252 8012 7276 6237 5238 4765 5132 6089 19203 18840 17942 16870 16023 15713 16056 16924 17997 18875 2819 2044 1073 62831 1073 2044 2819 3318 3490 3318 7853 8037 8861 9934 10844 11296 11151 10452 9419 8410 17534 17273 17649 18528 19602 20467 20758 20340 19406 18339 24133 23413 23193 23526 24332 25393 26338 26676 26174 25165 12472 12729 13561 14633 15542 15951 15706 14900 13832 12900 
18336 17942 17031 15960 15128 14850 15233 16129 17202 18049 26117 25350 24281 23341 22811 22826 23385 24341 25406 26141 17467 18243 19304 20260 20721 20475 19639 18566 17662 17247 8108 8844 9070 8727 7905 6839 5911 5587 6071 7066 19600 19343 18507 17435 16530 16122 16360 17158 18224 19163 3318 2819 2044 1073 62831 1073 2044 2819 3318 3490 6900 7171 8055 9128 9989 10373 10168 9434 8389 7398 17437 17291 17773 18715 19782 20566 20729 20196 19206 18160 24119 23532 23468 23944 24844 25917 26749 26850 26148 25087 11719 12064 12955 14028 14883 15210 14889 14037 12964 12071 
18762 18469 17616 16542 15652 15275 15555 16386 17457 18369 26848 26198 25147 24159 23534 23426 23862 24736 25809 26678 16417 17213 18278 19219 19657 19402 18566 17494 16589 16180 9166 9915 10142 9783 8940 7870 6965 6661 7134 8117 19302 19164 18408 17348 16386 15875 16005 16726 17774 18762 3490 3318 2819 2044 1073 62831 1073 2044 2819 3318 6497 6932 7900 8955 9726 9986 9661 8842 7776 6847 17961 17914 18478 19459 20512 21225 21279 20648 19619 18603 24627 24167 24230 24804 25758 26824 27548 27438 26581 25508 11591 12051 13004 14066 14846 15062 14634 13719 12648 11825 
18504 18326 17549 16485 15536 15055 15226 15984 17042 18007 26788 26350 25363 24318 23564 23298 23583 24352 25402 26379 15689 16541 17614 18507 18864 18535 17658 16585 15716 15374 9945 10756 11057 10758 9949 8883 7948 7566 7945 8879 18440 18379 17687 16643 15647 15067 15126 15800 16834 17843 3318 3490 3318 2819 2044 1073 62831 1073 2044 2819 6880 7458 8479 9503 10183 10317 9868 8965 7892 7059 18925 18925 19518 20510 21557 22241 22242 21558 20511 19519 25540 25159 25279 25876 26831 27898 28594 28355 27405 26348 12145 12695 13688 14733 15446 15564 15043 14075 13017 12271 
17673 17574 16859 15811 14823 14270 14367 15077 16124 17115 25981 25703 24796 23727 22885 22511 22701 23408 24438 25451 15554 16471 17542 18364 18608 18171 17236 16169 15368 15133 10212 11101 11514 11325 10591 9545 8556 8049 8285 9138 17366 17313 16635 15598 14592 13999 14052 14731 15768 16773 2819 3318 3490 3318 2819 2044 1073 62831 1073 2044 7824 8460 9496 10504 11141 11210 10690 9740 8674 7912 19985 19958 20518 21490 22548 23270 23303 22631 21585 20590 26613 26207 26260 26762 27634 28703 29565 29429 28461 27414 13140 13724 14728 15766 16452 16524 15955 14962 13916 13215 
16601 16515 15818 14776 13778 13206 13294 14005 15053 16042 24908 24655 23775 22703 21837 21442 21628 22345 23382 24385 16063 17028 18087 18838 18973 18434 17448 16399 15676 15548 9891 10845 11372 11308 10674 9666 8630 7991 8071 8827 16483 16370 15653 14605 13617 13069 13186 13919 14974 15950 2044 2819 3318 3490 3318 2819 2044 1073 62831 1073 8887 9498 10523 11543 12201 12282 11761 10806 9743 8985 20733 20609 21074 21990 23062 23878 24039 23455 22434 21410 27419 26844 26684 26962 27639 28614 29676 30156 29400 28327 14184 14740 15729 16777 17489 17585 17026 16035 14989 14280 
15691 15550 14819 13768 12786 12258 12407 13170 14232 15190 23994 23663 22752 21682 20846 20506 20764 21544 22602 23562 17025 18011 19061 19771 19839 19235 18219 17191 16524 16462 9073 10066 10673 10713 10173 9215 8152 7407 7355 8026 16113 15894 15105 14040 13096 12642 12871 13683 14753 15677 1073 2044 2819 3318 3490 3318 2819 2044 1073 62831 9688 10215 11205 12251 12976 13136 12676 11751 10681 9874 20843 20589 20933 21771 22841 23750 24076 23638 22675 21617 27442 26655 26265 26330 26842 27719 28789 29640 29467 28483 14893 15370 16318 17382 18162 18345 17855 16894 15834 15071 
25233 24810 23845 22789 22013 21743 22053 22857 23920 24862 28761 28228 28008 28125 28565 29284 30208 31232 30521 29552 13203 13501 14355 15429 16319 16691 16399 15559 14486 13583 13076 13258 12819 11905 10833 10010 9799 10302 11281 12332 24048 24452 24083 23149 22084 21272 20962 21244 22036 23097 9988 9703 8913 7853 6900 6497 6880 7824 8887 9688 62831 1073 2044 2819 3318 3490 3318 2819 2044 1073 13447 13914 14862 15926 16708 16909 16449 15509 14442 13651 19208 19265 19903 20914 21947 22582 22513 21775 20715 19750 5369 6102 7166 8124 8684 8699 8167 7225 6156 5393 
25401 24808 23779 22763 22096 21964 22403 23293 24366 25216 27823 27184 26936 27110 27685 28584 29655 30418 29840 28767 13935 14146 14939 16006 16946 17401 17190 16398 15332 14391 12613 12691 12163 11202 10141 9392 9299 9909 10932 11954 25077 25417 24961 23980 22931 22176 21931 22262 23081 24146 10395 9988 9111 8037 7171 6932 7458 8460 9498 10215 1073 62831 1073 2044 2819 3318 3490 3318 2819 2044 12459 12888 13822 14889 15694 15937 15527 14618 13546 12714 18408 18390 18973 19962 21011 21705 21726 21064 20025 19021 4687 5293 6333 7336 7992 8133 7726 6869 5798 4907 
26038 25309 24245 23286 22723 22703 23233 24173 25242 26009 26764 26184 26051 26385 27134 28160 29174 29500 28766 27693 14095 14191 14901 15948 16938 17496 17400 16688 15641 14651 12831 12790 12160 11150 10116 9472 9520 10236 11290 12269 26091 26480 26034 25048 24002 23249 22990 23289 24071 25126 11328 10855 9932 8861 8055 7900 8479 9496 10523 11205 2044 1073 62831 1073 2044 2819 3318 3490 3318 2819 11410 11869 12822 13884 14664 14881 14457 13545 12473 11646 17339 17316 17905 18900 19945 20631 20657 20011 18979 17967 3691 4235 5266 6280 6968 7171 6846 6061 5009 4041 
27015 26209 25136 24222 23719 23748 24301 25246 26315 27062 25943 25506 25554 26079 26983 28056 28865 28761 27850 26785 13625 13619 14254 15277 16299 16937 16943 16315 15297 14270 13637 13513 12810 11771 10770 10212 10353 11127 12192 13140 26610 27182 26898 25967 24903 24081 23715 23890 24565 25576 12395 11929 11004 9934 9128 8955 9503 10504 11543 12251 2819 2044 1073 62831 1073 2044 2819 3318 3490 3318 10708 11257 12252 13295 14007 14137 13641 12692 11627 10854 16407 16446 17095 18117 19140 19764 19721 19030 17986 16990 2643 3287 4348 5320 5947 6108 5772 5002 3959 2972 
28074 27283 26210 25292 24764 24739 25220 26107 27181 28026 25533 25285 25536 26239 27251 28284 28776 28279 27245 26234 12690 12631 13233 14245 15276 15946 16002 15424 14429 13384 14706 14565 13841 12794 11806 11271 11426 12199 13264 14214 26295 27064 27049 26261 25189 24264 23745 23754 24289 25224 13203 12806 11918 10844 9989 9726 10183 11141 12201 12976 3318 2819 2044 1073 62831 1073 2044 2819 3318 3490 10663 11319 12354 13362 13982 13996 13400 12402 11359 10679 15952 16098 16831 17882 18863 19388 19232 18464 17400 16447 2123 3034 4098 4940 5394 5384 4911 4055 2989 2098 
28702 28107 27054 26066 25412 25223 25534 26287 27323 28323 25609 25563 26000 26841 27905 28818 28919 28104 27031 26130 11622 11582 12209 13233 14254 14899 14936 14351 13355 12311 15635 15546 14855 13816 12813 12237 12331 13055 14107 15088 25361 26214 26376 25736 24689 23695 23062 22956 23401 24287 13475 13185 12365 11296 10373 9986 10317 11210 12282 13136 3490 3318 2819 2044 1073 62831 1073 2044 2819 3318 11296 12027 13083 14057 14598 14514 13834 12801 11790 11203 16142 16398 17208 18276 19206 19624 19349 18501 17428 16533 2660 3704 4704 5395 5647 5418 4748 3758 2706 2157 
28363 28111 27163 26105 25295 24919 25050 25664 26632 27694 26157 26288 26861 27784 28857 29605 29274 28255 27233 26490 10827 10879 11584 12633 13620 14190 14144 13498 12478 11453 16079 16093 15478 14466 13434 12775 12761 13398 14423 15443 24297 25141 25319 24723 23693 22678 22013 21885 22329 23223 13118 12940 12201 11151 10168 9661 9868 10690 11761 12676 3318 3490 3318 2819 2044 1073 62831 1073 2044 2819 12324 13077 14137 15100 15613 15486 14765 13717 12729 12188 16907 17237 18090 19163 20055 20397 20034 19129 18057 17217 3711 4766 5748 6385 6542 6189 5396 4343 3379 3081 
27374 27291 26455 25382 24486 24008 24057 24621 25571 26639 27076 27311 27930 28855 29928 30561 29785 28716 27827 27256 10649 10829 11625 12694 13628 14096 13935 13201 12151 11167 15871 15998 15481 14514 13456 12707 12574 13113 14099 15148 23480 24253 24341 23693 22652 21651 21024 20958 21470 22412 12254 12152 11478 10452 9434 8842 8965 9740 10806 11751 2819 3318 3490 3318 2819 2044 1073 62831 1073 2044 13341 14063 15114 16097 16643 16542 15833 14787 13795 13237 17966 18309 19164 20237 21127 21455 21064 20139 19070 18252 4702 5734 6747 7429 7613 7259 6446 5384 4444 4142 
