NAME: sphere_reg_nol_10x10
COMMENT: type = band, neigh_ang = 0.0872664625997, neigh_size = 10
COMMENT: sphere_limit = 1.0471975512, rect_limit = [-1.0471975512, 0.785398163397, -0.785398163397, 1.57079632679]
TYPE: GTSP
DIMENSION: 100
GTSP_SETS: 10
EDGE_WEIGHT_TYPE: EXPLICIT
EDGE_WEIGHT_FORMAT: FULL_MATRIX
EDGE_WEIGHT_SECTION:
62831 538 1025 1411 1659 1745 1659 1411 1025 538 11858 11394 11187 11324 11747 12285 12734 12929 12800 12394 10272 9753 9248 8958 9010 9381 9912 10396 10660 10613 10610 10214 10121 10372 10859 11388 11761 11847 11615 11146 19108 18577 18198 18108 18340 18811 19346 19741 19835 19591 12594 12059 11665 11572 11817 12301 12832 13210 13299 13065 20047 19674 19588 19820 20288 20824 21221 21314 21064 20576 22013 21482 20998 20734 20781 21123 21641 22147 22436 22384 19136 18688 18494 18624 19031 19567 20030 20236 20098 19675 29691 29776 30023 30405 30886 31395 30879 30399 30018 29774 
538 62831 538 1025 1411 1659 1745 1659 1411 1025 11355 10886 10670 10799 11217 11756 12208 12409 12289 11890 10304 9777 9285 9027 9115 9511 10047 10516 10750 10671 10741 10324 10198 10418 10891 11425 11821 11936 11732 11279 18619 18090 17721 17645 17892 18371 18903 19286 19365 19108 13102 12568 12181 12095 12347 12833 13362 13737 13819 13578 19866 19472 19358 19565 20019 20557 20973 21096 20874 20400 22029 21493 21025 20791 20871 21237 21764 22256 22515 22426 19619 19163 18955 19069 19464 19998 20471 20693 20571 20157 29630 29555 29662 29940 30361 30879 31289 30783 30277 29879 
1025 538 62831 538 1025 1411 1659 1745 1659 1411 10834 10369 10163 10304 10731 11270 11714 11905 11775 11370 10657 10126 9645 9410 9522 9933 10471 10929 11143 11041 10556 10119 9963 10156 10614 11151 11564 11708 11530 11095 18350 17827 17477 17428 17699 18190 18718 19080 19131 18850 13619 13084 12690 12594 12834 13314 13847 14230 14323 14090 19417 19012 18883 19077 19524 20062 20487 20625 20418 19953 22342 21804 21350 21140 21244 21628 22159 22641 22875 22758 19863 19393 19159 19245 19619 20148 20635 20885 20793 20398 29186 29048 29125 29409 29861 30399 30783 30545 30011 29524 
1411 1025 538 62831 538 1025 1411 1659 1745 1659 10499 10048 9868 10037 10481 11020 11448 11613 11458 11037 11183 10651 10173 9943 10059 10472 11009 11466 11679 11572 10116 9668 9495 9672 10122 10660 11083 11241 11079 10654 18399 17884 17556 17536 17832 18334 18855 19194 19215 18909 13951 13414 13004 12884 13100 13568 14103 14504 14621 14411 18879 18475 18349 18548 18998 19537 19957 20090 19880 19415 22848 22310 21862 21662 21773 22161 22693 23172 23399 23272 19768 19283 19023 19079 19432 19955 20454 20731 20671 20299 28650 28532 28653 28994 29493 30018 30277 30011 29485 28988 
1659 1411 1025 538 62831 538 1025 1411 1659 1745 10489 10058 9911 10112 10574 11110 11519 11654 11469 11028 11678 11147 10664 10420 10520 10921 11457 11923 12150 12057 9577 9130 8959 9141 9594 10132 10551 10705 10541 10116 18747 18239 17929 17930 18242 18750 19267 19590 19589 19264 13977 13438 13010 12860 13049 13501 14039 14458 14604 14420 18456 18065 17959 18177 18639 19176 19582 19693 19464 18990 23367 22829 22375 22163 22261 22637 23166 23653 23896 23783 19373 18880 18602 18640 18979 19498 20003 20296 20256 19900 28220 28167 28363 28772 29304 29774 29879 29524 28988 28512 
1745 1659 1411 1025 538 62831 538 1025 1411 1659 10809 10394 10272 10496 10970 11503 11897 12009 11802 11347 11960 11434 10939 10670 10741 11120 11653 12133 12385 12319 9145 8710 8563 8769 9236 9772 10174 10306 10121 9683 19269 18764 18459 18464 18779 19288 19804 20124 20118 19788 13686 13148 12704 12531 12698 13137 13676 14109 14276 14116 18302 17931 17854 18098 18575 19109 19494 19575 19319 18831 23689 23153 22684 22444 22510 22861 23382 23884 24160 24083 18838 18343 18064 18101 18441 18961 19465 19758 19718 19364 28000 28031 28309 28777 29315 29691 29630 29186 28650 28220 
1659 1745 1659 1411 1025 538 62831 538 1025 1411 11325 10915 10801 11029 11505 12038 12429 12536 12322 11862 11930 11412 10905 10609 10646 11002 11529 12022 12301 12266 8999 8587 8476 8716 9201 9731 10110 10208 9993 9537 19770 19260 18945 18937 19239 19743 20263 20596 20605 20285 13186 12648 12199 12016 12175 12610 13149 13586 13761 13609 18473 18123 18073 18341 18830 19359 19724 19777 19495 18996 23670 23140 22653 22380 22410 22732 23242 23757 24069 24034 18367 17879 17614 17668 18022 18546 19043 19320 19263 18897 28031 28149 28499 29008 29524 29776 29555 29048 28532 28167 
1411 1659 1745 1659 1411 1025 538 62831 538 1025 11834 11418 11290 11506 11975 12510 12910 13030 12826 12372 11598 11089 10574 10256 10269 10607 11129 11630 11927 11915 9204 8815 8738 9007 9504 10028 10386 10455 10212 9739 20053 19535 19199 19163 19441 19934 20461 20818 20856 20560 12663 12125 11680 11506 11676 12118 12657 13087 13251 13091 18907 18570 18536 18817 19312 19838 20191 20228 19931 19425 23320 22796 22297 22001 22006 22309 22811 23333 23665 23660 18135 17659 17418 17499 17874 18404 18890 19141 19056 18669 28309 28499 28901 29430 29909 30023 29662 29125 28653 28363 
1025 1411 1659 1745 1659 1411 1025 538 62831 538 12149 11717 11564 11753 12207 12745 13163 13308 13128 12688 11083 10576 10058 9733 9739 10073 10594 11097 11398 11393 9671 9294 9232 9513 10014 10536 10885 10940 10684 10203 20001 19476 19116 19050 19302 19782 20314 20694 20765 20496 12320 11781 11350 11201 11396 11853 12390 12804 12945 12761 19446 19109 19073 19351 19844 20371 20727 20766 20470 19963 22793 22271 21770 21469 21469 21771 22273 22794 23128 23128 18225 17764 17548 17658 18053 18587 19059 19284 19169 18762 28777 29008 29430 29963 30418 30405 29940 29409 28994 28772 
538 1025 1411 1659 1745 1659 1411 1025 538 62831 12158 11708 11525 11685 12121 12660 13096 13270 13118 12696 10574 10064 9549 9233 9254 9600 10125 10622 10911 10893 10206 9826 9757 10031 10529 11052 11408 11470 11218 10739 19637 19107 18731 18645 18879 19350 19885 20279 20371 20122 12293 11755 11345 11226 11450 11924 12458 12852 12963 12751 19884 19533 19478 19737 20221 20752 21125 21186 20907 20407 22299 21774 21278 20989 21006 21323 21832 22348 22666 22646 18605 18155 17958 18085 18492 19028 19492 19699 19564 19143 29315 29524 29909 30418 30930 30886 30361 29861 29493 29304 
11858 11355 10834 10499 10489 10809 11325 11834 12149 12158 62831 538 1025 1411 1659 1745 1659 1411 1025 538 16908 16516 16414 16639 17107 17643 18041 18146 17916 17442 12777 12319 11782 11369 11249 11471 11943 12477 12873 12986 10658 10388 10459 10839 11372 11851 12103 12037 11678 11153 24450 23914 23498 23341 23489 23898 24434 24897 25086 24908 11814 11276 10821 10632 10789 11225 11764 12200 12377 12231 21192 21041 21205 21630 22169 22616 22786 22602 22146 21609 23790 23397 22861 22391 22151 22218 22571 23093 23593 23867 18961 18546 18404 18587 19028 19567 19998 20148 19955 19498 
11394 10886 10369 10048 10058 10394 10915 11418 11717 11708 538 62831 538 1025 1411 1659 1745 1659 1411 1025 16409 16010 15898 16116 16581 17117 17521 17634 17413 16944 12827 12354 11820 11428 11339 11589 12075 12604 12979 13064 10752 10454 10492 10848 11375 11868 12146 12112 11776 11259 23988 23454 23053 22918 23091 23518 24056 24502 24662 24458 12324 11786 11337 11156 11319 11758 12297 12730 12901 12747 21180 20996 21129 21532 22068 22534 22739 22591 22157 21618 24096 23680 23142 22688 22475 22571 22944 23472 23962 24208 19465 19043 18890 19059 19492 20030 20471 20635 20454 20003 
11187 10670 10163 9868 9911 10272 10801 11290 11564 11525 1025 538 62831 538 1025 1411 1659 1745 1659 1411 15885 15492 15389 15616 16086 16621 17017 17121 16892 16420 13187 12704 12173 11798 11731 11999 12493 13019 13380 13443 10531 10209 10216 10551 11072 11575 11876 11868 11556 11047 23756 23227 22851 22752 22959 23409 23947 24368 24486 24243 12839 12301 11846 11655 11806 12237 12775 13217 13399 13255 20842 20635 20744 21132 21664 22142 22371 22251 21834 21295 24597 24170 23632 23187 22987 23093 23472 24002 24487 24723 19758 19320 19141 19284 19699 20236 20693 20885 20731 20296 
11324 10799 10304 10037 10112 10496 11029 11506 11753 11685 1411 1025 538 62831 538 1025 1411 1659 1745 1659 15537 15159 15079 15328 15810 16341 16720 16800 16551 16068 13715 13229 12699 12328 12265 12536 13031 13557 13916 13976 10070 9734 9727 10050 10568 11075 11386 11393 11093 10591 23823 23304 22957 22894 23136 23605 24141 24534 24609 24328 13165 12629 12162 11946 12072 12486 13023 13479 13685 13566 20321 20107 20210 20595 21127 21607 21841 21727 21316 20778 25120 24699 24161 23711 23500 23593 23962 24487 24981 25232 19718 19263 19056 19169 19564 20098 20571 20793 20671 20256 
11747 11217 10731 10481 10574 10970 11505 11975 12207 12121 1659 1411 1025 538 62831 538 1025 1411 1659 1745 15495 15139 15088 15362 15856 16382 16740 16791 16516 16021 14207 13726 13194 12814 12738 12995 13484 14012 14382 14456 9533 9200 9198 9528 10048 10552 10857 10859 10556 10053 24171 23661 23337 23301 23565 24045 24578 24952 24995 24686 13185 12654 12171 11928 12023 12417 12952 13423 13656 13565 19819 19616 19734 20130 20664 21136 21355 21228 20809 20271 25449 25054 24517 24050 23809 23867 24208 24723 25232 25521 19364 18897 18669 18762 19143 19675 20157 20398 20299 19900 
12285 11756 11270 11020 11110 11503 12038 12510 12745 12660 1745 1659 1411 1025 538 62831 538 1025 1411 1659 15777 15439 15411 15705 16208 16728 17069 17097 16801 16297 14479 14010 13474 13077 12974 13207 13683 14217 14606 14705 9126 8813 8838 9189 9715 10210 10494 10472 10151 9640 24690 24184 23867 23837 24103 24584 25117 25489 25526 25208 12891 12365 11872 11606 11676 12054 12586 13067 13321 13254 19521 19344 19487 19902 20439 20896 21088 20933 20497 19958 25429 25069 24539 24051 23773 23790 24096 24597 25120 25449 18838 18367 18135 18225 18605 19136 19619 19863 19768 19373 
12734 12208 11714 11448 11519 11897 12429 12910 13163 13096 1659 1745 1659 1411 1025 538 62831 538 1025 1411 16274 15945 15926 16226 16732 17251 17585 17603 17299 16791 14430 13976 13438 13021 12889 13096 13557 14094 14502 14630 9021 8739 8801 9179 9712 10192 10447 10392 10044 9524 25195 24683 24352 24302 24547 25015 25552 25945 26008 25708 12391 11867 11369 11094 11156 11528 12059 12543 12803 12746 19533 19385 19558 19992 20531 20969 21129 20942 20488 19950 25069 24738 24215 23714 23409 23397 23680 24170 24699 25054 18343 17879 17659 17764 18155 18688 19163 19393 19283 18880 
12929 12409 11905 11613 11654 12009 12536 13030 13308 13270 1411 1659 1745 1659 1411 1025 538 62831 538 1025 16799 16463 16436 16728 17229 17751 18094 18121 17823 17317 14079 13638 13099 12668 12514 12701 13152 13690 14111 14259 9265 9011 9104 9503 10040 10506 10736 10653 10283 9755 25474 24950 24588 24496 24703 25147 25686 26112 26228 25972 11868 11343 10848 10581 10653 11034 11567 12046 12296 12229 19849 19725 19920 20368 20906 21330 21465 21253 20784 20249 24539 24215 23696 23191 22879 22861 23142 23632 24161 24517 18064 17614 17418 17548 17958 18494 18955 19159 19023 18602 
12800 12289 11775 11458 11469 11802 12322 12826 13128 13118 1025 1411 1659 1745 1659 1411 1025 538 62831 538 17150 16797 16747 17018 17510 18037 18399 18450 18172 17674 13556 13119 12580 12144 11984 12167 12616 13154 13577 13729 9751 9509 9615 10021 10558 11020 11241 11145 10765 10234 25391 24858 24463 24329 24495 24913 25450 25906 26073 25866 11527 10997 10513 10269 10368 10769 11305 11771 11998 11906 20358 20243 20446 20897 21436 21855 21982 21759 21285 20751 24051 23714 23191 22691 22392 22391 22688 23187 23711 24050 18101 17668 17499 17658 18085 18624 19069 19245 19079 18640 
12394 11890 11370 11037 11028 11347 11862 12372 12688 12696 538 1025 1411 1659 1745 1659 1411 1025 538 62831 17192 16818 16738 16984 17463 17996 18378 18460 18207 17722 13057 12614 12075 11646 11499 11694 12151 12689 13103 13242 10280 10033 10129 10528 11064 11531 11760 11672 11296 10766 24988 24451 24037 23878 24023 24428 24963 25430 25624 25446 11506 10971 10502 10289 10421 10843 11382 11831 12029 11906 20874 20749 20940 21383 21922 22351 22490 22277 21807 21273 23773 23409 22879 22392 22120 22151 22475 22987 23500 23809 18441 18022 17874 18053 18492 19031 19464 19619 19432 18979 
10272 10304 10657 11183 11678 11960 11930 11598 11083 10574 16908 16409 15885 15537 15495 15777 16274 16799 17150 17192 62831 538 1025 1411 1659 1745 1659 1411 1025 538 20560 20264 20275 20588 21096 21613 21934 21923 21583 21060 14341 13949 13415 12941 12712 12821 13223 13759 14224 14446 10855 10680 10850 11295 11833 12261 12425 12266 11840 11302 28662 28142 27638 27307 27228 27419 27836 28372 28830 28957 11741 11210 10728 10487 10590 10993 11529 11994 12218 12123 20896 20969 21330 21855 22351 22616 22534 22142 21607 21136 22861 22732 22309 21771 21323 21123 21237 21628 22161 22637 
9753 9777 10126 10651 11147 11434 11412 11089 10576 10064 16516 16010 15492 15159 15139 15439 15945 16463 16797 16818 538 62831 538 1025 1411 1659 1745 1659 1411 1025 20097 19788 19784 20088 20591 21112 21444 21447 21121 20603 14464 14052 13515 13056 12854 12991 13411 13949 14400 14596 10961 10756 10895 11320 11859 12305 12498 12368 11961 11425 28323 27789 27310 27029 27012 27264 27725 28263 28661 28687 12261 11729 11250 11016 11124 11529 12066 12529 12749 12648 21088 21129 21465 21982 22490 22786 22739 22371 21841 21355 23382 23242 22811 22273 21832 21641 21764 22159 22693 23166 
9248 9285 9645 10173 10664 10939 10905 10574 10058 9549 16414 15898 15389 15079 15088 15411 15926 16436 16747 16738 1025 538 62831 538 1025 1411 1659 1745 1659 1411 19561 19255 19256 19566 20072 20590 20916 20914 20585 20066 14872 14449 13910 13462 13278 13432 13862 14401 14843 15022 10751 10518 10629 11036 11573 12034 12252 12149 11762 11230 28214 27675 27235 27016 27067 27379 27874 28401 28725 28644 12765 12234 11751 11505 11600 11994 12529 13000 13233 13144 20933 20942 21253 21759 22277 22602 22591 22251 21727 21228 23884 23757 23333 22794 22348 22147 22256 22641 23172 23653 
8958 9027 9410 9943 10420 10670 10609 10256 9733 9233 16639 16116 15616 15328 15362 15705 16226 16728 17018 16984 1411 1025 538 62831 538 1025 1411 1659 1745 1659 19153 18865 18888 19216 19730 20241 20547 20522 20176 19651 15409 14984 14445 13998 13816 13970 14400 14939 15381 15561 10296 10048 10143 10541 11077 11545 11775 11687 11312 10783 28353 27824 27430 27271 27382 27739 28254 28762 29013 28835 13066 12540 12046 11777 11843 12218 12749 13233 13489 13426 20497 20488 20784 21285 21807 22146 22157 21834 21316 20809 24160 24069 23665 23128 22666 22436 22515 22875 23399 23896 
9010 9115 9522 10059 10520 10741 10646 10269 9739 9254 17107 16581 16086 15810 15856 16208 16732 17229 17510 17463 1659 1411 1025 538 62831 538 1025 1411 1659 1745 19022 18759 18812 19164 19686 20186 20465 20408 20038 19508 15870 15454 14916 14461 14264 14402 14821 15359 15811 16007 9758 9512 9613 10015 10552 11016 11241 11150 10774 10244 28717 28204 27850 27734 27879 28256 28778 29275 29478 29229 13055 12536 12031 11735 11771 12123 12648 13144 13426 13392 19958 19950 20249 20751 21273 21609 21618 21295 20778 20271 24083 24034 23660 23128 22646 22384 22426 22758 23272 23783 
9381 9511 9933 10472 10921 11120 11002 10607 10073 9600 17643 17117 16621 16341 16382 16728 17251 17751 18037 17996 1745 1659 1411 1025 538 62831 538 1025 1411 1659 19212 18974 19055 19427 19955 20444 20698 20611 20219 19685 16080 15681 15146 14677 14455 14566 14967 15502 15970 16190 9344 9119 9244 9664 10202 10653 10857 10744 10353 9820 29231 28728 28386 28272 28405 28762 29272 29786 30017 29753 12736 12225 11711 11395 11407 11741 12261 12765 13066 13055 19521 19533 19849 20358 20874 21192 21180 20842 20321 19819 23689 23670 23320 22793 22299 22013 22029 22342 22848 23367 
9912 10047 10471 11009 11457 11653 11529 11129 10594 10125 18041 17521 17017 16720 16740 17069 17585 18094 18399 18378 1659 1745 1659 1411 1025 538 62831 538 1025 1411 19657 19435 19531 19912 20443 20926 21166 21061 20658 20121 15959 15579 15048 14566 14318 14402 14783 15315 15795 16041 9226 9034 9195 9636 10174 10606 10779 10635 10222 9685 29740 29222 28841 28666 28725 29007 29468 30007 30384 30242 12225 11717 11200 10877 10880 11210 11729 12234 12540 12536 19344 19385 19725 20243 20749 21041 20996 20635 20107 19616 23153 23140 22796 22271 21774 21482 21493 21804 22310 22829 
10396 10516 10929 11466 11923 12133 12022 11630 11097 10622 18146 17634 17121 16800 16791 17097 17603 18121 18450 18460 1411 1659 1745 1659 1411 1025 538 62831 538 1025 20196 19972 20065 20443 20973 21458 21702 21600 21196 20660 15552 15187 14659 14169 13904 13969 14339 14868 15356 15617 9457 9296 9486 9943 10480 10895 11041 10869 10437 9898 29957 29419 28962 28687 28638 28822 29212 29734 30228 30346 11711 11200 10686 10371 10387 10728 11250 11751 12046 12031 19487 19558 19920 20446 20940 21205 21129 20744 20210 19734 22684 22653 22297 21770 21278 20998 21025 21350 21862 22375 
10660 10750 11143 11679 12150 12385 12301 11927 11398 10911 17916 17413 16892 16551 16516 16801 17299 17823 18172 18207 1025 1411 1659 1745 1659 1411 1025 538 62831 538 20623 20380 20451 20813 21338 21833 22099 22020 21631 21096 15016 14653 14126 13634 13367 13431 13800 14330 14817 15078 9936 9790 9992 10455 10991 11399 11533 11347 10907 10368 29687 29166 28662 28318 28204 28338 28698 29210 29722 29948 11395 10877 10371 10079 10124 10487 11016 11505 11777 11735 19902 19992 20368 20897 21383 21630 21532 21132 20595 20130 22444 22380 22001 21469 20989 20734 20791 21140 21662 22163 
10613 10671 11041 11572 12057 12319 12266 11915 11393 10893 17442 16944 16420 16068 16021 16297 16791 17317 17674 17722 538 1025 1411 1659 1745 1659 1411 1025 538 62831 20764 20493 20533 20869 21386 21894 22190 22146 21782 21252 14553 14179 13650 13163 12910 12990 13372 13905 14384 14631 10468 10316 10510 10968 11505 11918 12060 11880 11441 10903 29164 28654 28140 27783 27665 27810 28187 28710 29206 29410 11407 10880 10387 10124 10203 10590 11124 11600 11843 11771 20439 20531 20906 21436 21922 22169 22068 21664 21127 20664 22510 22410 22006 21469 21006 20781 20871 21244 21773 22261 
10610 10741 10556 10116 9577 9145 8999 9204 9671 10206 12777 12827 13187 13715 14207 14479 14430 14079 13556 13057 20560 20097 19561 19153 19022 19212 19657 20196 20623 20764 62831 538 1025 1411 1659 1745 1659 1411 1025 538 23087 22960 23139 23571 24109 24551 24702 24490 24016 23483 15139 14821 14309 13796 13480 13484 13809 14324 14833 15144 10874 10772 11012 11494 12025 12407 12502 12277 11811 11275 28762 29007 28822 28338 27810 27419 27264 27379 27739 28256 12054 11528 11034 10769 10843 11225 11758 12237 12486 12417 19109 19359 19838 20371 20752 20824 20557 20062 19537 19176 
10214 10324 10119 9668 9130 8710 8587 8815 9294 9826 12319 12354 12704 13229 13726 14010 13976 13638 13119 12614 20264 19788 19255 18865 18759 18974 19435 19972 20380 20493 538 62831 538 1025 1411 1659 1745 1659 1411 1025 22723 22569 22724 23140 23677 24134 24314 24132 23675 23138 15354 15014 14494 13990 13697 13728 14073 14595 15096 15385 11019 10886 11097 11564 12099 12502 12626 12428 11978 11440 29272 29468 29212 28698 28187 27836 27725 27874 28254 28778 12586 12059 11567 11305 11382 11764 12297 12775 13023 12952 19494 19724 20191 20727 21125 21221 20973 20487 19957 19582 
10121 10198 9963 9495 8959 8563 8476 8738 9232 9757 11782 11820 12173 12699 13194 13474 13438 13099 12580 12075 20275 19784 19256 18888 18812 19055 19531 20065 20451 20533 1025 538 62831 538 1025 1411 1659 1745 1659 1411 22193 22033 22186 22602 23139 23596 23779 23603 23150 22613 15818 15466 14942 14444 14163 14209 14563 15089 15584 15863 10845 10683 10866 11318 11856 12277 12428 12257 11824 11285 29786 30007 29734 29210 28710 28372 28263 28401 28762 29275 13067 12543 12046 11771 11831 12200 12730 13217 13479 13423 19575 19777 20228 20766 21186 21314 21096 20625 20090 19693 
10372 10418 10156 9672 9141 8769 8716 9007 9513 10031 11369 11428 11798 12328 12814 13077 13021 12668 12144 11646 20588 20088 19566 19216 19164 19427 19912 20443 20813 20869 1411 1025 538 62831 538 1025 1411 1659 1745 1659 21706 21562 21732 22160 22698 23143 23306 23114 22653 22116 16354 16004 15481 14982 14699 14741 15091 15615 16113 16396 10413 10233 10400 10842 11381 11811 11978 11824 11402 10864 30017 30384 30228 29722 29206 28830 28661 28725 29013 29478 13321 12803 12296 11998 12029 12377 12901 13399 13685 13656 19319 19495 19931 20470 20907 21064 20874 20418 19880 19464 
10859 10891 10614 10122 9594 9236 9201 9504 10014 10529 11249 11339 11731 12265 12738 12974 12889 12514 11984 11499 21096 20591 20072 19730 19686 19955 20443 20973 21338 21386 1659 1411 1025 538 62831 538 1025 1411 1659 1745 21434 21320 21520 21967 22506 22930 23059 22835 22358 21825 16759 16424 15905 15400 15101 15122 15457 15975 16481 16781 9875 9694 9863 10308 10847 11275 11440 11285 10864 10326 29753 30242 30346 29948 29410 28957 28687 28644 28835 29229 13254 12746 12229 11906 11906 12231 12747 13255 13566 13565 18831 18996 19425 19963 20407 20576 20400 19953 19415 18990 
11388 11425 11151 10660 10132 9772 9731 10028 10536 11052 11471 11589 11999 12536 12995 13207 13096 12701 12167 11694 21613 21112 20590 20241 20186 20444 20926 21458 21833 21894 1745 1659 1411 1025 538 62831 538 1025 1411 1659 21470 21390 21621 22086 22623 23022 23114 22855 22362 21836 16877 16564 16053 15539 15217 15210 15522 16031 16546 16870 9434 9274 9465 9923 10460 10874 11019 10845 10413 9875 29231 29740 29957 29687 29164 28662 28323 28214 28353 28717 12891 12391 11868 11527 11506 11814 12324 12839 13165 13185 18302 18473 18907 19446 19884 20047 19866 19417 18879 18456 
11761 11821 11564 11083 10551 10174 10110 10386 10885 11408 11943 12075 12493 13031 13484 13683 13557 13152 12616 12151 21934 21444 20916 20547 20465 20698 21166 21702 22099 22190 1659 1745 1659 1411 1025 538 62831 538 1025 1411 21801 21747 22001 22478 23012 23393 23454 23168 22663 22145 16661 16371 15869 15348 15005 14971 15261 15763 16284 16628 9274 9148 9371 9847 10380 10772 10886 10683 10233 9694 28728 29222 29419 29166 28654 28142 27789 27675 27824 28204 12365 11867 11343 10997 10971 11276 11786 12301 12629 12654 17931 18123 18570 19109 19533 19674 19472 19012 18475 18065 
11847 11936 11708 11241 10705 10306 10208 10455 10940 11470 12477 12604 13019 13557 14012 14217 14094 13690 13154 12689 21923 21447 20914 20522 20408 20611 21061 21600 22020 22146 1411 1659 1745 1659 1411 1025 538 62831 538 1025 22314 22270 22531 23011 23544 23919 23971 23674 23164 22649 16196 15919 15423 14898 14543 14496 14774 15271 15796 16149 9465 9371 9624 10113 10641 11012 11097 10866 10400 9863 28386 28841 28962 28662 28140 27638 27310 27235 27430 27850 11872 11369 10848 10513 10502 10821 11337 11846 12162 12171 17854 18073 18536 19073 19478 19588 19358 18883 18349 17959 
11615 11732 11530 11079 10541 10121 9993 10212 10684 11218 12873 12979 13380 13916 14382 14606 14502 14111 13577 13103 21583 21121 20585 20176 20038 20219 20658 21196 21631 21782 1025 1411 1659 1745 1659 1411 1025 538 62831 538 22825 22768 23015 23487 24022 24411 24479 24193 23687 23169 15660 15381 14885 14360 14006 13962 14245 14743 15267 15617 9923 9847 10113 10608 11133 11494 11564 11318 10842 10308 28272 28666 28687 28318 27783 27307 27029 27016 27271 27734 11606 11094 10581 10269 10289 10632 11156 11655 11946 11928 18098 18341 18817 19351 19737 19820 19565 19077 18548 18177 
11146 11279 11095 10654 10116 9683 9537 9739 10203 10739 12986 13064 13443 13976 14456 14705 14630 14259 13729 13242 21060 20603 20066 19651 19508 19685 20121 20660 21096 21252 538 1025 1411 1659 1745 1659 1411 1025 538 62831 23128 23038 23254 23707 24246 24661 24768 24514 24021 23495 15256 14961 14459 13938 13599 13574 13875 14381 14899 15233 10460 10380 10641 11133 11660 12025 12099 11856 11381 10847 28405 28725 28638 28204 27665 27228 27012 27067 27382 27879 11676 11156 10653 10368 10421 10789 11319 11806 12072 12023 18575 18830 19312 19844 20221 20288 20019 19524 18998 18639 
19108 18619 18350 18399 18747 19269 19770 20053 20001 19637 10658 10752 10531 10070 9533 9126 9021 9265 9751 10280 14341 14464 14872 15409 15870 16080 15959 15552 15016 14553 23087 22723 22193 21706 21434 21470 21801 22314 22825 23128 62831 538 1025 1411 1659 1745 1659 1411 1025 538 24038 24173 24571 25104 25577 25782 25615 25161 24624 24204 15210 14971 14496 13962 13574 13484 13728 14209 14741 15122 10653 10606 10895 11399 11918 12261 12305 12034 11545 11016 24584 25015 25147 24913 24428 23898 23518 23409 23605 24045 13137 12610 12118 11853 11924 12301 12833 13314 13568 13501 
18577 18090 17827 17884 18239 18764 19260 19535 19476 19107 10388 10454 10209 9734 9200 8813 8739 9011 9509 10033 13949 14052 14449 14984 15454 15681 15579 15187 14653 14179 22960 22569 22033 21562 21320 21390 21747 22270 22768 23038 538 62831 538 1025 1411 1659 1745 1659 1411 1025 23882 23978 24346 24872 25366 25615 25497 25072 24533 24088 15522 15261 14774 14245 13875 13809 14073 14563 15091 15457 10857 10779 11041 11533 12060 12425 12498 12252 11775 11241 25117 25552 25686 25450 24963 24434 24056 23947 24141 24578 13676 13149 12657 12390 12458 12832 13362 13847 14103 14039 
18198 17721 17477 17556 17929 18459 18945 19199 19116 18731 10459 10492 10216 9727 9198 8838 8801 9104 9615 10129 13415 13515 13910 14445 14916 15146 15048 14659 14126 13650 23139 22724 22186 21732 21520 21621 22001 22531 23015 23254 1025 538 62831 538 1025 1411 1659 1745 1659 1411 23439 23513 23867 24388 24889 25161 25072 24666 24129 23668 16031 15763 15271 14743 14381 14324 14595 15089 15615 15975 10744 10635 10869 11347 11880 12266 12368 12149 11687 11150 25489 25945 26112 25906 25430 24897 24502 24368 24534 24952 14109 13586 13087 12804 12852 13210 13737 14230 14504 14458 
18108 17645 17428 17536 17930 18464 18937 19163 19050 18645 10839 10848 10551 10050 9528 9189 9179 9503 10021 10528 12941 13056 13462 13998 14461 14677 14566 14169 13634 13163 23571 23140 22602 22160 21967 22086 22478 23011 23487 23707 1411 1025 538 62831 538 1025 1411 1659 1745 1659 22901 22977 23335 23858 24357 24624 24533 24129 23592 23130 16546 16284 15796 15267 14899 14833 15096 15584 16113 16481 10353 10222 10437 10907 11441 11840 11961 11762 11312 10774 25526 26008 26228 26073 25624 25086 24662 24486 24609 24995 14276 13761 13251 12945 12963 13299 13819 14323 14621 14604 
18340 17892 17699 17832 18242 18779 19239 19441 19302 18879 11372 11375 11072 10568 10048 9715 9712 10040 10558 11064 12712 12854 13278 13816 14264 14455 14318 13904 13367 12910 24109 23677 23139 22698 22506 22623 23012 23544 24022 24246 1659 1411 1025 538 62831 538 1025 1411 1659 1745 22470 22570 22947 23476 23963 24204 24088 23668 23130 22679 16870 16628 16149 15617 15233 15144 15385 15863 16396 16781 9820 9685 9898 10368 10903 11302 11425 11230 10783 10244 25208 25708 25972 25866 25446 24908 24458 24243 24328 24686 14116 13609 13091 12761 12751 13065 13578 14090 14411 14420 
18811 18371 18190 18334 18750 19288 19743 19934 19782 19350 11851 11868 11575 11075 10552 10210 10192 10506 11020 11531 12821 12991 13432 13970 14402 14566 14402 13969 13431 12990 24551 24134 23596 23143 22930 23022 23393 23919 24411 24661 1745 1659 1411 1025 538 62831 538 1025 1411 1659 22294 22429 22831 23366 23834 24038 23882 23439 22901 22470 16877 16661 16196 15660 15256 15139 15354 15818 16354 16759 9344 9226 9457 9936 10468 10855 10961 10751 10296 9758 24690 25195 25474 25391 24988 24450 23988 23756 23823 24171 13686 13186 12663 12320 12293 12594 13102 13619 13951 13977 
19346 18903 18718 18855 19267 19804 20263 20461 20314 19885 12103 12146 11876 11386 10857 10494 10447 10736 11241 11760 13223 13411 13862 14400 14821 14967 14783 14339 13800 13372 24702 24314 23779 23306 23059 23114 23454 23971 24479 24768 1659 1745 1659 1411 1025 538 62831 538 1025 1411 22429 22597 23022 23560 24008 24173 23978 23513 22977 22570 16564 16371 15919 15381 14961 14821 15014 15466 16004 16424 9119 9034 9296 9790 10316 10680 10756 10518 10048 9512 24184 24683 24950 24858 24451 23914 23454 23227 23304 23661 13148 12648 12125 11781 11755 12059 12568 13084 13414 13438 
19741 19286 19080 19194 19590 20124 20596 20818 20694 20279 12037 12112 11868 11393 10859 10472 10392 10653 11145 11672 13759 13949 14401 14939 15359 15502 15315 14868 14330 13905 24490 24132 23603 23114 22835 22855 23168 23674 24193 24514 1411 1659 1745 1659 1411 1025 538 62831 538 1025 22831 23022 23462 24000 24433 24571 24346 23867 23335 22947 16053 15869 15423 14885 14459 14309 14494 14942 15481 15905 9244 9195 9486 9992 10510 10850 10895 10629 10143 9613 23867 24352 24588 24463 24037 23498 23053 22851 22957 23337 12704 12199 11680 11350 11345 11665 12181 12690 13004 13010 
19835 19365 19131 19215 19589 20118 20605 20856 20765 20371 11678 11776 11556 11093 10556 10151 10044 10283 10765 11296 14224 14400 14843 15381 15811 15970 15795 15356 14817 14384 24016 23675 23150 22653 22358 22362 22663 23164 23687 24021 1025 1411 1659 1745 1659 1411 1025 538 62831 538 23366 23560 24000 24539 24971 25104 24872 24388 23858 23476 15539 15348 14898 14360 13938 13796 13990 14444 14982 15400 9664 9636 9943 10455 10968 11295 11320 11036 10541 10015 23837 24302 24496 24329 23878 23341 22918 22752 22894 23301 12531 12016 11506 11201 11226 11572 12095 12594 12884 12860 
19591 19108 18850 18909 19264 19788 20285 20560 20496 20122 11153 11259 11047 10591 10053 9640 9524 9755 10234 10766 14446 14596 15022 15561 16007 16190 16041 15617 15078 14631 23483 23138 22613 22116 21825 21836 22145 22649 23169 23495 538 1025 1411 1659 1745 1659 1411 1025 538 62831 23834 24008 24433 24971 25420 25577 25366 24889 24357 23963 15217 15005 14543 14006 13599 13480 13697 14163 14699 15101 10202 10174 10480 10991 11505 11833 11859 11573 11077 10552 24103 24547 24703 24495 24023 23489 23091 22959 23136 23565 12698 12175 11676 11396 11450 11817 12347 12834 13100 13049 
12594 13102 13619 13951 13977 13686 13186 12663 12320 12293 24450 23988 23756 23823 24171 24690 25195 25474 25391 24988 10855 10961 10751 10296 9758 9344 9226 9457 9936 10468 15139 15354 15818 16354 16759 16877 16661 16196 15660 15256 24038 23882 23439 22901 22470 22294 22429 22831 23366 23834 62831 538 1025 1411 1659 1745 1659 1411 1025 538 23022 23393 23919 24411 24661 24551 24134 23596 23143 22930 14566 14402 13969 13431 12990 12821 12991 13432 13970 14402 10210 10192 10506 11020 11531 11851 11868 11575 11075 10552 19288 19743 19934 19782 19350 18811 18371 18190 18334 18750 
12059 12568 13084 13414 13438 13148 12648 12125 11781 11755 23914 23454 23227 23304 23661 24184 24683 24950 24858 24451 10680 10756 10518 10048 9512 9119 9034 9296 9790 10316 14821 15014 15466 16004 16424 16564 16371 15919 15381 14961 24173 23978 23513 22977 22570 22429 22597 23022 23560 24008 538 62831 538 1025 1411 1659 1745 1659 1411 1025 23114 23454 23971 24479 24768 24702 24314 23779 23306 23059 14967 14783 14339 13800 13372 13223 13411 13862 14400 14821 10494 10447 10736 11241 11760 12103 12146 11876 11386 10857 19804 20263 20461 20314 19885 19346 18903 18718 18855 19267 
11665 12181 12690 13004 13010 12704 12199 11680 11350 11345 23498 23053 22851 22957 23337 23867 24352 24588 24463 24037 10850 10895 10629 10143 9613 9244 9195 9486 9992 10510 14309 14494 14942 15481 15905 16053 15869 15423 14885 14459 24571 24346 23867 23335 22947 22831 23022 23462 24000 24433 1025 538 62831 538 1025 1411 1659 1745 1659 1411 22855 23168 23674 24193 24514 24490 24132 23603 23114 22835 15502 15315 14868 14330 13905 13759 13949 14401 14939 15359 10472 10392 10653 11145 11672 12037 12112 11868 11393 10859 20124 20596 20818 20694 20279 19741 19286 19080 19194 19590 
11572 12095 12594 12884 12860 12531 12016 11506 11201 11226 23341 22918 22752 22894 23301 23837 24302 24496 24329 23878 11295 11320 11036 10541 10015 9664 9636 9943 10455 10968 13796 13990 14444 14982 15400 15539 15348 14898 14360 13938 25104 24872 24388 23858 23476 23366 23560 24000 24539 24971 1411 1025 538 62831 538 1025 1411 1659 1745 1659 22362 22663 23164 23687 24021 24016 23675 23150 22653 22358 15970 15795 15356 14817 14384 14224 14400 14843 15381 15811 10151 10044 10283 10765 11296 11678 11776 11556 11093 10556 20118 20605 20856 20765 20371 19835 19365 19131 19215 19589 
11817 12347 12834 13100 13049 12698 12175 11676 11396 11450 23489 23091 22959 23136 23565 24103 24547 24703 24495 24023 11833 11859 11573 11077 10552 10202 10174 10480 10991 11505 13480 13697 14163 14699 15101 15217 15005 14543 14006 13599 25577 25366 24889 24357 23963 23834 24008 24433 24971 25420 1659 1411 1025 538 62831 538 1025 1411 1659 1745 21836 22145 22649 23169 23495 23483 23138 22613 22116 21825 16190 16041 15617 15078 14631 14446 14596 15022 15561 16007 9640 9524 9755 10234 10766 11153 11259 11047 10591 10053 19788 20285 20560 20496 20122 19591 19108 18850 18909 19264 
12301 12833 13314 13568 13501 13137 12610 12118 11853 11924 23898 23518 23409 23605 24045 24584 25015 25147 24913 24428 12261 12305 12034 11545 11016 10653 10606 10895 11399 11918 13484 13728 14209 14741 15122 15210 14971 14496 13962 13574 25782 25615 25161 24624 24204 24038 24173 24571 25104 25577 1745 1659 1411 1025 538 62831 538 1025 1411 1659 21470 21801 22314 22825 23128 23087 22723 22193 21706 21434 16080 15959 15552 15016 14553 14341 14464 14872 15409 15870 9126 9021 9265 9751 10280 10658 10752 10531 10070 9533 19269 19770 20053 20001 19637 19108 18619 18350 18399 18747 
12832 13362 13847 14103 14039 13676 13149 12657 12390 12458 24434 24056 23947 24141 24578 25117 25552 25686 25450 24963 12425 12498 12252 11775 11241 10857 10779 11041 11533 12060 13809 14073 14563 15091 15457 15522 15261 14774 14245 13875 25615 25497 25072 24533 24088 23882 23978 24346 24872 25366 1659 1745 1659 1411 1025 538 62831 538 1025 1411 21390 21747 22270 22768 23038 22960 22569 22033 21562 21320 15681 15579 15187 14653 14179 13949 14052 14449 14984 15454 8813 8739 9011 9509 10033 10388 10454 10209 9734 9200 18764 19260 19535 19476 19107 18577 18090 17827 17884 18239 
13210 13737 14230 14504 14458 14109 13586 13087 12804 12852 24897 24502 24368 24534 24952 25489 25945 26112 25906 25430 12266 12368 12149 11687 11150 10744 10635 10869 11347 11880 14324 14595 15089 15615 15975 16031 15763 15271 14743 14381 25161 25072 24666 24129 23668 23439 23513 23867 24388 24889 1411 1659 1745 1659 1411 1025 538 62831 538 1025 21621 22001 22531 23015 23254 23139 22724 22186 21732 21520 15146 15048 14659 14126 13650 13415 13515 13910 14445 14916 8838 8801 9104 9615 10129 10459 10492 10216 9727 9198 18459 18945 19199 19116 18731 18198 17721 17477 17556 17929 
13299 13819 14323 14621 14604 14276 13761 13251 12945 12963 25086 24662 24486 24609 24995 25526 26008 26228 26073 25624 11840 11961 11762 11312 10774 10353 10222 10437 10907 11441 14833 15096 15584 16113 16481 16546 16284 15796 15267 14899 24624 24533 24129 23592 23130 22901 22977 23335 23858 24357 1025 1411 1659 1745 1659 1411 1025 538 62831 538 22086 22478 23011 23487 23707 23571 23140 22602 22160 21967 14677 14566 14169 13634 13163 12941 13056 13462 13998 14461 9189 9179 9503 10021 10528 10839 10848 10551 10050 9528 18464 18937 19163 19050 18645 18108 17645 17428 17536 17930 
13065 13578 14090 14411 14420 14116 13609 13091 12761 12751 24908 24458 24243 24328 24686 25208 25708 25972 25866 25446 11302 11425 11230 10783 10244 9820 9685 9898 10368 10903 15144 15385 15863 16396 16781 16870 16628 16149 15617 15233 24204 24088 23668 23130 22679 22470 22570 22947 23476 23963 538 1025 1411 1659 1745 1659 1411 1025 538 62831 22623 23012 23544 24022 24246 24109 23677 23139 22698 22506 14455 14318 13904 13367 12910 12712 12854 13278 13816 14264 9715 9712 10040 10558 11064 11372 11375 11072 10568 10048 18779 19239 19441 19302 18879 18340 17892 17699 17832 18242 
20047 19866 19417 18879 18456 18302 18473 18907 19446 19884 11814 12324 12839 13165 13185 12891 12391 11868 11527 11506 28662 28323 28214 28353 28717 29231 29740 29957 29687 29164 10874 11019 10845 10413 9875 9434 9274 9465 9923 10460 15210 15522 16031 16546 16870 16877 16564 16053 15539 15217 23022 23114 22855 22362 21836 21470 21390 21621 22086 22623 62831 538 1025 1411 1659 1745 1659 1411 1025 538 20444 20926 21458 21833 21894 21613 21112 20590 20241 20186 13207 13096 12701 12167 11694 11471 11589 11999 12536 12995 9772 9731 10028 10536 11052 11388 11425 11151 10660 10132 
19674 19472 19012 18475 18065 17931 18123 18570 19109 19533 11276 11786 12301 12629 12654 12365 11867 11343 10997 10971 28142 27789 27675 27824 28204 28728 29222 29419 29166 28654 10772 10886 10683 10233 9694 9274 9148 9371 9847 10380 14971 15261 15763 16284 16628 16661 16371 15869 15348 15005 23393 23454 23168 22663 22145 21801 21747 22001 22478 23012 538 62831 538 1025 1411 1659 1745 1659 1411 1025 20698 21166 21702 22099 22190 21934 21444 20916 20547 20465 13683 13557 13152 12616 12151 11943 12075 12493 13031 13484 10174 10110 10386 10885 11408 11761 11821 11564 11083 10551 
19588 19358 18883 18349 17959 17854 18073 18536 19073 19478 10821 11337 11846 12162 12171 11872 11369 10848 10513 10502 27638 27310 27235 27430 27850 28386 28841 28962 28662 28140 11012 11097 10866 10400 9863 9465 9371 9624 10113 10641 14496 14774 15271 15796 16149 16196 15919 15423 14898 14543 23919 23971 23674 23164 22649 22314 22270 22531 23011 23544 1025 538 62831 538 1025 1411 1659 1745 1659 1411 20611 21061 21600 22020 22146 21923 21447 20914 20522 20408 14217 14094 13690 13154 12689 12477 12604 13019 13557 14012 10306 10208 10455 10940 11470 11847 11936 11708 11241 10705 
19820 19565 19077 18548 18177 18098 18341 18817 19351 19737 10632 11156 11655 11946 11928 11606 11094 10581 10269 10289 27307 27029 27016 27271 27734 28272 28666 28687 28318 27783 11494 11564 11318 10842 10308 9923 9847 10113 10608 11133 13962 14245 14743 15267 15617 15660 15381 14885 14360 14006 24411 24479 24193 23687 23169 22825 22768 23015 23487 24022 1411 1025 538 62831 538 1025 1411 1659 1745 1659 20219 20658 21196 21631 21782 21583 21121 20585 20176 20038 14606 14502 14111 13577 13103 12873 12979 13380 13916 14382 10121 9993 10212 10684 11218 11615 11732 11530 11079 10541 
20288 20019 19524 18998 18639 18575 18830 19312 19844 20221 10789 11319 11806 12072 12023 11676 11156 10653 10368 10421 27228 27012 27067 27382 27879 28405 28725 28638 28204 27665 12025 12099 11856 11381 10847 10460 10380 10641 11133 11660 13574 13875 14381 14899 15233 15256 14961 14459 13938 13599 24661 24768 24514 24021 23495 23128 23038 23254 23707 24246 1659 1411 1025 538 62831 538 1025 1411 1659 1745 19685 20121 20660 21096 21252 21060 20603 20066 19651 19508 14705 14630 14259 13729 13242 12986 13064 13443 13976 14456 9683 9537 9739 10203 10739 11146 11279 11095 10654 10116 
20824 20557 20062 19537 19176 19109 19359 19838 20371 20752 11225 11758 12237 12486 12417 12054 11528 11034 10769 10843 27419 27264 27379 27739 28256 28762 29007 28822 28338 27810 12407 12502 12277 11811 11275 10874 10772 11012 11494 12025 13484 13809 14324 14833 15144 15139 14821 14309 13796 13480 24551 24702 24490 24016 23483 23087 22960 23139 23571 24109 1745 1659 1411 1025 538 62831 538 1025 1411 1659 19212 19657 20196 20623 20764 20560 20097 19561 19153 19022 14479 14430 14079 13556 13057 12777 12827 13187 13715 14207 9145 8999 9204 9671 10206 10610 10741 10556 10116 9577 
21221 20973 20487 19957 19582 19494 19724 20191 20727 21125 11764 12297 12775 13023 12952 12586 12059 11567 11305 11382 27836 27725 27874 28254 28778 29272 29468 29212 28698 28187 12502 12626 12428 11978 11440 11019 10886 11097 11564 12099 13728 14073 14595 15096 15385 15354 15014 14494 13990 13697 24134 24314 24132 23675 23138 22723 22569 22724 23140 23677 1659 1745 1659 1411 1025 538 62831 538 1025 1411 18974 19435 19972 20380 20493 20264 19788 19255 18865 18759 14010 13976 13638 13119 12614 12319 12354 12704 13229 13726 8710 8587 8815 9294 9826 10214 10324 10119 9668 9130 
